100
70
28-13-58-37-25-49-36-26-45-9
62 59 64 48 1 21 54 5 50 50 1 66 24 21 21 5 10 57 39 39 61 19 28 33 9 44 48 64 3 66 17 33 26 31 67 38 66 6 4 18 1 49 63 23 9 27 12 4 53 41 6 65 39 21 28 66 63 21 38 64 58 69 43 8 13 5 17 43 7 13
28 50 18 70 51 10 35 32 3 55 24 24 22 61 48 25 23 57 21 50 28 15 64 13 57 52 24 22 51 57 64 52 46 54 57 22 58 8 27 65 11 4 63 56 51 11 56 18 28 6 33 5 58 8 58 44 66 48 67 10 37 45 54 58 21 40 14 43 65 21
47 53 42 2 55 37 51 44 64 11 48 14 70 47 11 32 42 44 53 1 52 30 40 41 7 56 1 49 54 22 64 4 21 24 3 31 21 46 33 40 45 70 70 43 48 5 23 44 66 50 41 53 58 51 34 46 43 59 47 4 35 37 55 10 47 50 52 3 44 51
62 30 49 13 59 65 30 47 66 59 57 68 32 37 52 30 56 18 64 58 39 66 2 58 60 8 14 61 60 17 69 70 66 56 39 41 62 70 36 27 47 48 7 37 35 18 51 68 24 15 19 33 57 29 8 2 22 69 18 36 61 2 69 55 18 41 22 56 28 35
70 52 60 56 45 26 36 21 15 35 66 10 51 39 6 66 8 26 60 6 16 64 27 11 25 14 56 36 68 36 12 45 36 2 23 1 35 24 65 46 46 41 18 70 24 46 36 16 58 60 50 17 66 4 14 39 53 6 69 54 57 25 35 10 8 60 36 34 26 30
63 44 35 25 1 68 53 63 67 23 48 64 61 10 15 6 30 3 69 13 69 69 5 52 41 34 42 64 58 23 31 23 49 35 33 56 30 32 4 6 23 1 68 14 39 69 54 67 9 13 25 43 14 32 62 13 6 26 64 65 16 22 20 15 24 46 9 21 57 33
53 2 31 24 31 58 65 26 25 19 2 37 25 33 6 38 35 50 61 35 61 66 6 64 8 51 35 64 44 34 37 13 9 11 56 44 15 48 7 31 5 40 35 67 38 63 14 32 45 43 13 35 8 59 23 38 25 23 41 66 49 17 11 57 56 26 66 30 54 3
25 20 4 42 60 31 48 13 34 11 17 28 65 16 24 2 49 7 21 54 13 13 70 7 63 42 35 7 55 68 26 33 43 39 20 5 58 63 11 13 58 37 25 2 16 12 52 36 32 50 10 64 45 60 40 52 17 17 10 48 24 51 42 66 11 26 51 36 27 29
45 7 56 66 24 24 18 20 53 7 12 56 15 52 69 17 47 56 60 27 9 66 50 24 13 17 43 34 49 31 47 43 67 23 52 57 20 60 20 62 67 63 59 19 35 48 4 19 51 1 58 37 64 2 16 46 10 37 13 43 36 54 20 28 16 48 1 50 48 47
5 66 23 9 17 7 22 5 62 17 47 29 68 3 56 37 64 8 4 18 10 11 19 34 58 55 23 61 43 31 29 48 24 38 53 2 37 4 26 69 20 69 33 69 41 39 68 57 13 26 50 23 35 1 6 37 42 12 33 8 61 37 58 9 49 43 43 13 9 51
69 18 58 3 57 32 23 31 59 44 57 11 63 27 5 56 26 67 46 48 10 9 38 69 20 14 44 68 60 2 53 56 41 54 60 21 18 24 27 55 43 63 6 25 35 36 43 11 33 23 4 63 17 21 6 12 51 7 60 31 11 35 59 41 30 68 1 53 29 18
61 24 70 62 21 31 60 7 26 33 40 31 25 52 34 10 14 5 50 17 61 32 28 12 10 52 43 48 52 38 35 35 37 63 27 36 28 67 23 64 53 50 54 10 28 47 3 66 45 49 36 48 58 51 28 28 34 24 25 7 17 20 8 61 43 62 7 64 67 37
9 38 27 41 34 38 18 5 31 53 16 60 44 62 39 19 56 64 2 7 28 6 40 42 20 49 5 13 65 26 28 61 31 70 17 67 70 28 42 68 52 38 8 1 25 46 62 41 26 31 33 62 59 49 5 62 47 14 67 14 67 20 27 11 51 40 12 31 31 55
7 66 63 45 29 42 59 29 17 15 30 62 52 40 5 2 68 29 13 1 5 14 44 46 38 47 22 69 44 23 56 1 15 19 31 31 63 25 10 41 32 27 38 27 58 65 4 9 17 44 48 70 66 61 3 40 29 47 18 52 46 52 26 52 18 28 23 22 6 11
55 27 58 8 35 68 61 68 54 26 56 42 5 24 63 15 36 7 46 29 27 56 6 69 21 30 40 40 12 58 36 59 23 53 32 23 38 15 37 32 3 68 58 68 32 60 40 36 25 26 32 46 50 26 3 13 36 69 7 54 38 11 21 36 25 44 59 30 55 22
39 45 30 52 33 62 57 36 35 55 69 67 19 7 64 11 46 18 57 46 9 61 50 57 62 68 46 23 43 67 68 16 49 23 38 12 44 22 48 22 6 19 11 27 52 29 18 41 2 65 16 14 18 9 34 36 10 26 46 23 49 47 29 23 53 6 37 44 13 46
13 19 49 20 42 5 63 16 45 39 36 16 48 20 51 53 27 31 42 16 3 16 44 49 14 1 67 57 53 69 25 33 22 57 13 24 52 26 44 37 69 20 8 8 56 10 60 64 3 45 3 41 54 69 2 3 46 56 38 31 62 23 19 40 35 21 32 29 60 64
22 22 51 26 20 21 5 35 61 61 57 50 17 37 15 23 40 26 7 36 45 2 6 4 68 19 21 57 29 39 18 16 60 25 51 18 60 33 12 49 60 29 53 54 3 56 41 37 64 64 50 58 26 70 34 6 29 68 36 19 10 51 68 40 57 31 26 55 20 45
46 11 1 36 49 42 44 57 44 24 8 53 61 1 12 43 69 31 68 69 26 51 22 62 32 2 61 41 58 10 10 56 53 66 18 21 49 11 4 61 38 19 11 23 34 65 28 55 13 1 67 37 9 63 59 16 48 58 37 55 51 65 58 56 36 55 59 11 44 10
7 39 12 67 57 8 56 17 16 7 48 43 44 1 56 2 58 65 33 1 3 53 63 38 38 34 13 9 34 13 11 6 13 35 29 69 45 44 23 1 49 5 37 15 14 46 15 64 47 57 1 13 46 10 41 57 36 11 58 44 38 63 58 29 56 20 66 55 27 48
4 24 8 42 70 38 22 17 17 18 36 36 46 47 70 56 45 65 35 6 11 52 40 9 34 66 66 49 6 65 37 61 63 33 42 60 39 54 44 11 27 11 66 58 2 59 58 33 16 32 33 37 49 46 6 10 66 40 68 10 5 34 3 18 32 65 70 15 8 46
52 50 33 1 58 15 20 50 63 40 41 56 47 56 10 35 37 11 60 13 43 25 27 61 39 30 63 10 66 36 37 53 19 48 53 38 40 47 48 56 20 27 11 57 49 46 66 45 38 67 62 62 17 26 35 49 46 49 18 7 15 44 24 67 20 6 11 5 30 57
27 12 48 26 64 46 12 2 16 32 37 58 4 29 32 51 55 7 27 38 58 29 25 14 53 22 63 19 54 11 20 14 36 60 17 53 64 64 21 54 59 10 22 52 35 56 61 62 49 10 12 31 65 35 37 45 65 70 16 13 46 24 32 64 34 26 28 32 14 70
64 65 58 66 18 53 17 27 5 1 16 37 56 55 58 13 40 31 26 46 28 65 64 18 65 27 36 43 9 11 58 55 52 5 66 37 31 50 31 64 3 57 38 44 56 7 67 24 29 46 56 63 5 37 59 64 54 32 32 68 30 46 17 31 57 64 39 46 14 9
52 5 41 60 66 44 70 42 27 67 45 48 5 7 67 4 39 20 52 52 59 42 63 33 59 42 16 19 56 6 62 28 65 5 13 68 1 5 24 62 40 28 25 18 30 30 55 60 54 8 21 15 14 3 58 54 56 47 8 12 63 49 60 15 58 46 1 64 9 37
66 64 15 58 20 54 68 8 28 9 52 66 46 67 44 11 18 27 15 40 62 15 58 67 55 16 34 22 15 30 2 40 32 18 42 5 9 51 33 1 10 48 42 35 20 24 37 4 39 17 26 36 47 18 8 38 8 68 36 43 33 23 59 70 40 41 67 37 11 38
21 24 33 6 61 13 37 21 54 42 1 64 28 10 6 19 3 17 57 2 56 70 56 4 14 25 65 26 14 32 4 39 49 53 64 57 17 66 39 64 62 63 58 39 2 66 14 37 65 9 30 35 23 47 38 22 50 39 7 66 67 33 6 21 18 42 8 66 42 19
33 19 50 14 21 67 53 60 52 67 57 69 23 41 30 54 49 3 43 65 68 44 46 21 22 70 47 33 18 59 18 42 57 34 9 68 21 63 9 11 43 55 22 62 13 42 5 62 33 45 51 28 21 25 8 53 27 26 52 68 49 20 39 55 9 6 13 15 63 57
25 37 40 31 49 15 55 7 43 44 70 29 44 70 35 17 11 3 14 43 41 53 61 52 39 69 66 39 24 9 28 40 10 37 17 50 24 52 67 23 44 47 34 16 4 37 55 52 43 16 10 46 11 56 28 60 10 48 64 12 3 63 34 49 54 12 24 7 15 1
65 59 6 63 29 39 44 40 29 51 39 66 28 52 1 66 30 26 16 70 17 9 40 56 46 43 31 52 11 34 63 9 53 34 51 59 7 42 54 49 21 7 50 33 36 9 15 49 27 2 22 20 24 54 1 40 67 22 59 5 17 70 40 35 10 39 55 26 37 55
61 66 60 31 15 67 22 8 49 15 51 69 19 64 53 18 46 68 62 18 2 52 30 15 34 7 25 14 54 43 24 33 49 36 1 3 38 63 67 24 46 45 11 22 24 26 21 27 34 45 46 26 32 58 4 32 36 60 45 6 49 15 11 61 11 54 39 9 51 63
22 22 25 41 70 56 30 35 37 42 69 15 38 37 26 54 30 38 2 20 39 27 36 46 6 19 9 31 51 24 59 50 39 5 6 66 57 70 44 10 22 29 19 44 48 5 24 28 39 41 4 29 60 60 45 5 39 36 50 5 2 32 48 30 70 24 29 64 20 36
67 65 61 62 20 52 67 51 11 31 7 12 42 66 31 24 68 6 21 46 45 55 19 28 55 1 17 50 50 22 24 40 31 22 58 39 31 13 15 49 59 5 46 55 21 46 45 29 69 6 50 67 66 17 64 35 39 4 35 12 59 2 40 57 25 65 48 33 27 29
47 1 5 54 14 26 19 1 50 20 8 40 24 3 62 58 47 63 54 54 13 62 13 62 59 23 53 8 34 35 4 10 48 10 49 36 57 23 14 14 42 69 32 65 48 31 12 11 17 24 24 15 55 14 62 44 12 66 17 52 49 64 1 57 45 60 43 9 47 37
57 8 65 56 46 22 16 12 23 54 35 13 12 59 68 66 23 16 62 58 70 21 30 19 67 38 13 25 58 62 18 58 24 65 22 66 70 58 55 56 32 9 50 39 31 17 63 62 61 29 70 14 3 12 56 30 40 13 43 44 58 27 59 45 39 42 56 32 61 4
67 41 6 56 12 65 6 7 64 38 64 30 55 34 57 16 42 65 39 46 45 2 8 52 17 59 51 64 47 28 29 42 68 67 29 67 68 53 30 33 19 13 1 7 55 35 58 43 17 35 65 41 22 10 8 60 52 64 8 40 31 21 26 12 50 15 47 7 10 40
15 23 25 7 35 5 58 7 60 59 65 69 43 4 13 67 12 11 27 24 38 39 10 52 19 46 2 32 62 70 63 8 54 16 67 9 9 27 32 63 5 6 1 24 13 58 55 9 70 25 26 16 16 64 52 28 59 46 16 60 52 65 19 63 38 27 65 28 10 18
40 25 44 53 50 70 1 40 24 48 11 50 62 17 67 37 2 8 43 7 64 1 58 9 62 64 49 60 69 26 34 6 22 5 31 21 3 33 33 38 47 58 67 19 70 49 31 26 37 26 61 13 70 53 70 40 4 40 13 9 60 6 18 51 12 25 12 17 62 7
40 27 29 2 36 40 63 70 64 58 56 68 53 46 1 1 5 60 8 3 63 55 42 48 37 5 28 67 39 42 37 16 49 15 32 33 8 36 30 16 1 33 65 64 50 9 43 6 57 33 67 44 11 37 16 13 21 54 43 13 63 21 17 33 53 2 47 39 54 32
50 6 62 60 22 43 6 58 30 5 3 19 62 40 27 34 37 34 51 24 50 11 59 6 15 22 27 15 56 58 6 43 19 69 40 49 44 22 5 39 2 39 9 12 44 2 8 45 16 46 46 25 70 28 27 42 52 66 40 32 48 8 22 48 7 35 45 25 8 52
57 58 18 40 44 9 54 19 12 42 20 29 21 5 38 41 14 44 45 21 29 56 52 55 52 51 18 68 2 29 9 2 61 24 56 58 14 27 16 15 13 45 36 65 22 8 59 42 7 47 60 33 15 2 41 31 15 19 39 28 8 40 54 64 55 45 62 11 60 62
6 8 13 64 31 57 69 42 50 63 61 58 31 13 55 13 5 55 1 49 35 40 15 63 5 11 3 8 30 13 24 3 48 41 50 65 30 28 51 26 27 66 17 54 51 51 67 38 27 45 65 61 42 36 4 10 6 13 16 5 17 21 57 48 68 58 65 27 66 20
62 36 63 8 13 9 46 64 31 40 40 30 44 2 54 2 55 32 35 2 25 23 43 64 54 21 70 7 7 4 20 3 42 13 54 46 34 1 39 39 61 23 12 48 11 60 6 51 65 17 26 37 41 53 6 58 19 31 58 31 23 13 22 18 14 43 60 5 27 58
68 64 4 8 18 69 63 66 54 2 65 26 9 49 6 22 37 68 24 39 36 50 34 58 47 57 41 27 33 41 54 26 60 41 44 14 35 1 39 24 30 45 43 38 57 32 15 13 24 29 43 59 36 55 34 52 2 28 2 70 54 1 23 6 70 42 54 3 52 65
39 32 33 13 13 68 45 34 63 19 7 31 24 37 14 2 45 21 52 21 10 43 29 52 8 49 48 49 21 38 42 1 42 14 63 5 16 20 48 33 19 55 20 11 36 24 47 4 33 54 49 22 9 6 32 6 23 69 42 67 69 47 31 32 34 24 20 44 13 47
68 35 42 21 23 6 21 16 63 50 45 58 31 13 21 21 29 55 23 57 69 41 6 21 45 40 19 9 67 38 64 21 45 49 29 61 64 9 52 20 68 22 9 20 33 66 52 44 50 61 65 36 8 3 11 25 64 3 35 14 34 32 36 67 39 14 63 34 35 59
49 3 48 8 52 8 61 56 28 54 22 45 61 30 60 21 10 4 7 43 63 45 32 63 39 70 69 21 42 53 11 57 69 61 28 3 57 45 13 9 21 52 41 68 46 47 49 34 43 43 5 64 11 33 26 26 27 33 46 61 15 60 38 29 59 53 5 50 8 12
33 47 68 15 28 64 39 19 56 50 26 1 67 42 68 10 68 55 48 35 69 6 61 50 16 52 41 14 40 45 12 41 51 12 20 69 42 31 59 30 38 6 17 10 39 47 34 35 42 7 33 69 43 17 30 32 16 55 39 37 22 51 43 31 28 2 27 55 39 37
28 7 3 10 10 5 3 8 57 62 4 12 8 38 11 2 12 6 57 66 22 21 70 1 69 16 22 26 68 22 8 29 27 57 14 21 25 54 65 53 60 36 34 69 52 37 12 63 49 28 38 49 3 2 51 43 42 55 52 23 52 37 46 14 26 50 54 58 10 58
17 24 32 6 41 66 59 43 34 54 5 15 34 39 16 12 23 3 61 11 52 35 14 12 39 41 36 62 60 55 32 43 70 68 47 49 15 39 10 21 46 66 16 57 62 19 42 24 64 43 48 34 57 56 41 36 54 68 12 67 34 32 7 42 61 44 28 64 66 24
51 65 54 15 41 41 58 20 24 56 49 13 10 27 48 27 13 34 50 52 41 59 42 63 67 69 9 5 14 15 14 66 30 54 27 29 1 70 28 31 31 8 5 15 36 23 33 69 52 58 32 54 1 60 13 51 43 36 61 69 26 37 25 39 27 34 62 68 65 54
60 67 34 14 66 65 35 33 68 29 20 52 1 21 62 68 50 20 5 38 30 18 23 15 22 38 67 50 61 62 49 24 18 41 33 35 19 56 42 43 24 19 3 41 6 64 30 35 53 61 63 31 9 46 9 8 12 20 60 5 3 65 22 35 14 6 5 33 65 25
63 33 61 5 53 68 57 61 26 52 67 28 34 13 11 48 25 64 15 30 33 15 8 70 20 28 62 66 3 18 51 5 1 12 10 28 10 69 5 45 1 14 11 11 42 11 55 45 15 61 10 12 35 22 9 58 52 48 30 24 61 53 57 49 20 70 25 34 42 55
48 50 33 55 59 68 14 17 61 3 57 41 40 68 57 49 63 66 66 67 23 20 53 51 9 46 19 29 66 69 20 23 13 47 17 32 53 32 36 16 32 14 55 10 50 29 45 50 61 52 54 31 24 9 53 25 24 60 27 19 30 67 19 31 45 27 63 69 63 44
22 25 57 5 11 40 27 24 57 69 4 1 56 68 32 20 18 63 59 42 70 26 34 9 8 6 58 48 14 2 43 51 33 12 40 28 25 24 17 20 34 48 20 41 20 10 16 9 40 49 7 63 34 9 24 31 36 60 37 9 24 32 1 24 54 42 11 4 44 26
17 2 67 21 53 13 50 51 20 15 69 29 16 62 57 48 27 58 27 59 20 66 31 63 49 45 70 26 41 46 40 4 27 42 57 36 55 50 21 29 10 54 59 30 57 43 14 5 66 11 5 43 14 35 26 42 43 3 12 36 20 30 70 47 46 25 19 24 56 41
3 52 17 25 70 44 68 1 5 50 34 42 59 32 5 50 50 28 19 70 13 17 25 19 1 1 20 25 56 36 42 29 51 16 16 58 38 25 46 6 20 18 62 4 41 1 58 63 7 9 5 6 38 4 2 15 26 21 17 4 1 16 62 1 31 62 33 39 48 44
19 34 43 33 8 70 63 68 9 59 50 10 5 23 32 8 24 64 70 14 64 12 55 67 68 31 11 60 65 62 66 41 32 10 29 41 69 28 19 10 17 5 3 8 60 56 8 52 4 44 65 23 7 56 39 46 61 39 45 27 6 56 42 18 13 25 42 50 26 7
37 50 14 25 67 9 47 29 21 27 64 16 20 56 21 61 3 10 34 39 46 67 23 65 26 33 5 66 63 48 31 17 50 58 10 42 62 69 64 3 8 42 2 42 52 8 5 48 3 56 8 2 17 57 31 50 19 9 64 54 19 68 27 7 66 21 70 59 33 52
51 57 7 33 45 20 67 20 60 67 41 29 20 2 36 40 29 61 65 46 40 34 41 70 10 1 51 50 26 39 17 41 65 49 37 14 69 19 39 17 67 57 19 30 49 40 31 15 34 7 63 51 2 34 49 40 44 54 30 47 43 11 46 57 15 26 64 64 40 13
8 30 47 17 65 16 33 15 6 14 26 2 27 13 44 12 37 51 67 70 2 22 20 62 30 15 37 16 63 53 39 39 39 48 62 53 31 64 50 8 63 2 65 31 13 25 56 29 43 46 12 4 8 9 49 56 69 42 55 55 16 21 35 37 50 24 50 18 63 9
17 5 34 55 58 49 59 29 49 21 56 67 69 65 7 69 64 5 20 43 49 14 8 6 20 45 10 49 37 13 65 18 41 70 30 14 45 34 9 14 32 8 12 15 69 41 53 27 55 39 59 59 2 10 52 31 19 69 21 35 13 63 25 57 20 45 32 54 11 49
44 9 26 42 22 45 62 31 65 1 26 40 67 4 66 58 10 45 60 39 52 67 32 22 4 9 23 30 59 14 60 51 54 29 37 27 51 10 15 12 37 38 40 67 20 58 50 27 13 17 3 59 60 53 56 60 4 13 70 47 6 8 54 61 67 38 42 54 40 42
7 47 55 44 1 27 42 22 44 32 63 44 33 49 39 38 22 34 63 61 56 1 52 69 33 70 70 2 69 51 43 19 31 27 54 13 13 61 57 25 9 66 4 62 39 32 36 30 70 15 24 23 55 5 44 24 28 42 57 23 2 4 30 44 13 53 5 68 57 41
19 53 18 11 65 64 1 22 25 68 13 47 6 42 2 25 16 10 24 64 23 7 47 67 64 23 70 5 58 25 34 67 15 59 21 11 29 53 32 62 26 17 22 69 70 40 26 33 19 39 23 28 49 46 17 49 65 33 4 26 69 19 40 60 43 22 50 17 19 11
30 8 18 16 61 70 34 9 33 35 51 59 39 33 48 48 36 47 21 6 15 60 54 43 23 19 15 20 22 62 49 35 38 24 19 32 43 41 2 38 1 52 63 36 52 28 27 17 4 37 2 62 22 19 29 50 19 1 51 40 43 53 12 55 67 51 36 58 8 23
8 8 20 39 58 60 48 39 11 63 56 54 51 20 53 52 13 7 60 55 29 23 42 2 31 6 4 54 41 58 26 28 25 9 60 40 64 39 69 62 53 22 57 31 28 44 31 55 44 40 21 36 59 54 37 3 64 3 29 19 22 57 64 51 59 69 45 10 64 47
10 36 57 63 33 5 20 51 57 39 1 34 54 60 66 22 13 2 9 56 67 24 68 48 67 23 51 42 10 65 69 54 57 58 35 53 45 69 15 38 15 28 10 17 51 3 15 58 18 19 41 2 33 61 36 54 60 3 12 5 68 67 8 31 27 41 32 68 29 52
66 20 34 39 19 6 43 59 23 18 1 28 61 21 16 2 13 64 65 21 26 40 41 45 57 64 50 30 69 1 53 62 66 39 59 17 30 13 46 69 57 27 13 68 60 49 68 15 30 63 22 28 2 37 20 23 68 4 15 38 31 36 50 64 24 67 68 62 59 58
5 41 14 65 13 21 23 44 9 7 60 3 21 55 62 3 37 63 69 36 10 45 68 15 48 38 8 51 25 45 51 4 29 1 13 58 33 38 53 66 13 3 48 4 52 54 42 34 27 51 17 12 7 10 29 10 69 11 40 59 64 13 19 25 16 65 12 60 18 2
26 19 33 47 17 16 57 26 65 32 24 57 48 59 60 48 32 11 47 40 6 16 59 47 59 50 64 40 9 25 28 58 32 41 3 51 63 51 70 34 2 67 17 19 52 15 28 52 8 43 42 70 68 18 47 5 38 66 60 21 36 26 39 40 65 10 66 15 3 21
20 18 6 52 45 65 34 1 13 45 27 25 56 24 58 33 49 44 64 13 60 29 43 65 43 41 5 30 38 51 37 6 44 52 15 69 15 21 2 32 49 51 11 66 70 39 61 47 38 48 62 47 49 14 70 44 26 9 50 46 25 8 11 57 53 55 39 18 41 53
11 67 19 61 32 6 30 37 53 4 70 44 10 56 7 13 29 29 29 5 28 19 62 17 44 5 6 12 46 41 22 63 18 1 4 8 57 28 66 66 30 57 11 16 35 25 54 51 48 46 23 45 5 54 65 14 35 4 66 70 3 66 11 21 31 33 26 47 67 27
23 42 30 58 49 6 48 8 60 60 3 35 5 38 53 65 61 43 44 24 5 25 11 58 39 27 67 62 18 5 54 40 60 61 23 48 43 33 25 41 40 13 45 26 46 22 50 68 40 18 50 5 25 12 30 19 30 43 57 19 13 49 32 6 7 28 29 65 66 19
23 3 3 25 26 57 4 58 49 21 8 65 9 24 55 26 46 60 12 63 52 69 13 30 67 22 2 11 47 39 64 21 3 58 33 35 57 42 28 13 36 21 12 39 3 52 48 21 44 20 62 21 19 69 5 42 46 62 23 44 70 54 22 58 23 58 36 4 39 65
25 54 60 28 24 39 48 24 16 21 70 63 64 64 13 13 70 17 20 63 67 21 46 2 8 20 30 25 64 59 51 9 55 43 21 33 62 30 2 52 5 46 25 47 45 5 9 14 23 33 10 25 69 28 1 12 15 23 12 6 25 21 51 25 50 62 48 25 47 45
39 34 31 52 48 23 27 53 38 21 36 18 32 66 43 65 30 5 48 8 38 26 48 7 21 52 31 58 42 55 27 51 25 46 22 26 61 53 55 18 55 36 38 26 11 66 41 55 41 19 1 54 26 57 14 64 56 45 69 53 18 30 65 45 36 53 60 30 48 47
16 8 39 13 27 39 50 35 48 28 58 3 54 16 23 69 21 32 47 17 51 32 33 18 12 29 43 63 17 59 56 37 44 22 36 39 57 68 28 3 41 22 67 44 30 11 16 35 30 56 18 24 24 49 2 8 60 64 44 6 37 46 16 46 33 46 15 52 31 67
46 4 64 22 11 50 33 22 29 19 11 63 60 32 67 6 16 41 59 4 1 62 66 30 63 49 70 32 16 68 2 66 56 1 41 37 16 16 53 68 43 4 39 29 66 6 41 12 47 7 34 10 2 22 27 61 39 17 55 32 40 66 70 46 69 42 24 2 1 21
8 55 61 17 62 52 49 22 52 51 21 16 27 29 21 66 6 57 60 52 34 3 21 38 15 41 22 15 45 34 11 38 12 51 55 63 30 23 56 42 30 27 53 23 23 69 49 20 44 14 51 46 57 42 33 58 4 47 24 43 44 15 2 36 36 28 3 70 45 13
34 59 17 29 63 27 31 63 29 28 10 46 2 61 56 16 20 9 50 21 48 1 38 24 67 37 70 38 9 70 38 51 50 51 56 57 44 4 49 36 18 58 60 68 25 26 24 47 29 42 47 32 1 10 18 26 46 40 25 53 22 44 23 56 59 16 30 48 65 6
42 9 23 43 50 6 18 8 67 31 52 55 39 13 14 60 7 59 1 46 2 41 66 61 22 68 17 34 5 51 12 58 3 56 52 57 33 15 33 15 50 21 15 44 10 24 54 54 64 25 68 16 22 54 61 22 67 7 32 57 29 11 47 11 46 35 57 69 57 16
46 24 44 64 1 48 48 35 39 19 29 59 54 69 50 50 17 44 25 7 28 4 26 50 36 37 9 30 25 13 63 19 15 26 2 51 65 34 27 11 45 50 49 66 29 58 35 21 34 25 58 4 64 10 49 2 42 23 67 46 18 70 7 51 27 20 29 16 1 19
19 16 38 63 10 60 28 11 40 62 37 70 56 30 34 61 63 13 65 32 26 70 22 70 64 18 47 26 30 19 36 66 12 49 46 57 29 20 44 23 43 43 22 14 65 46 27 1 30 42 13 14 40 6 26 19 16 20 28 41 7 58 68 15 70 43 64 39 59 45
47 30 26 58 39 27 36 68 58 42 8 70 36 20 9 51 40 28 58 42 44 15 27 63 46 4 25 19 48 42 63 39 13 20 21 66 49 31 7 27 37 34 53 59 44 20 49 40 2 37 6 15 19 55 65 43 16 31 19 48 4 16 11 44 48 49 30 29 11 60
29 5 37 12 8 61 3 11 68 64 43 51 64 42 28 19 2 52 41 12 19 18 12 19 17 26 29 68 28 70 60 63 30 56 12 63 2 64 47 6 59 57 3 49 4 66 66 30 66 24 5 14 44 54 64 6 14 35 45 42 64 22 67 15 55 61 25 62 60 70
47 46 65 34 18 37 38 66 37 33 26 47 56 66 65 41 64 54 6 26 8 23 18 38 56 42 29 2 8 66 10 47 28 5 13 62 66 65 27 39 39 1 14 23 29 5 62 5 45 42 53 53 49 29 11 35 14 1 33 61 27 23 34 39 56 62 60 39 29 37
41 17 45 13 41 52 61 27 22 23 63 57 66 54 30 4 66 61 68 61 25 22 69 48 54 15 67 52 53 56 50 41 24 22 12 6 7 57 47 2 35 9 33 34 42 14 46 16 59 51 39 40 17 32 63 34 38 15 58 35 43 66 62 52 41 40 14 25 23 57
15 63 48 12 3 61 30 60 39 42 43 24 9 21 40 41 62 37 48 30 27 43 58 2 45 21 43 15 40 15 43 43 34 28 60 30 29 54 54 33 56 61 26 9 57 3 2 32 8 54 24 48 61 49 29 47 9 33 10 67 19 34 1 2 64 21 58 70 66 20
41 37 39 14 51 68 9 59 46 63 22 25 2 36 27 24 10 5 5 3 35 33 5 7 43 41 39 69 34 62 10 57 59 42 46 69 7 50 53 27 16 41 67 70 11 19 46 19 5 38 4 21 8 67 24 48 3 25 32 59 26 27 51 16 7 57 8 64 25 63
42 53 61 4 59 33 40 33 9 45 13 65 11 6 17 7 17 37 11 14 24 1 29 27 48 25 17 37 55 7 46 62 63 34 68 5 60 34 40 26 16 47 24 46 54 15 66 13 4 48 11 10 35 19 2 11 56 52 46 30 26 48 35 67 59 53 21 7 67 48
1 51 67 29 34 47 49 5 21 32 55 30 51 3 65 17 26 21 18 39 34 46 41 39 12 70 17 6 27 11 37 2 51 70 49 67 6 65 31 38 65 56 3 62 47 41 51 58 64 63 43 59 14 23 45 23 19 11 39 66 13 59 56 22 18 40 18 49 61 65
60 3 44 47 12 66 38 25 54 65 12 4 69 68 32 22 69 43 42 64 9 63 65 43 52 69 45 27 11 66 49 44 68 2 33 8 45 27 54 24 39 22 57 35 32 29 12 11 16 39 19 21 45 59 18 27 70 15 49 52 14 53 56 36 1 33 65 21 41 26
58 40 31 63 64 44 55 45 53 26 25 36 1 32 66 41 43 20 11 16 28 28 20 8 18 66 60 61 30 3 53 1 56 2 66 6 32 47 19 28 58 60 14 6 58 28 66 37 64 49 26 59 36 64 34 8 42 58 34 20 70 55 41 22 8 59 33 39 17 8
2 8 64 50 12 27 57 70 66 57 24 42 2 20 39 12 21 50 62 30 66 52 22 48 40 23 37 49 12 8 57 34 25 49 38 11 13 39 20 22 5 38 40 6 56 18 65 20 16 36 53 35 23 62 65 2 65 42 32 39 8 65 53 15 31 30 46 57 61 31
7 1 3 21 8 11 70 18 23 42 42 57 1 44 15 57 46 59 26 51 30 34 45 68 23 64 17 19 4 10 8 46 20 16 12 69 67 54 67 10 33 5 42 3 15 60 10 16 31 59 24 27 58 64 7 48 10 55 53 16 20 17 43 59 62 37 39 55 29 13
65 66 64 59 44 18 46 38 38 56 15 38 21 27 68 1 45 66 20 25 27 11 51 52 3 8 4 14 48 37 22 29 5 62 21 3 53 6 42 33 56 55 13 43 25 11 22 29 31 14 38 28 44 49 61 11 4 61 29 52 2 10 26 9 47 56 53 63 44 53
47 14 37 68 21 40 10 24 65 2 6 69 1 12 1 35 63 20 64 51 46 47 12 33 54 44 53 40 35 4 33 30 41 49 19 46 68 48 68 53 27 26 14 38 57 58 20 48 38 66 7 60 29 34 67 24 9 11 56 2 59 10 29 61 6 12 16 14 2 3
10 36 42 60 27 56 14 13 61 41 7 1 23 29 23 70 3 53 40 34 53 69 21 43 3 16 9 14 29 36 2 1 41 31 17 37 21 37 57 43 31 47 57 44 53 20 29 55 44 36 8 48 29 40 69 56 14 9 25 7 67 1 45 61 51 51 9 68 11 57
14 18 1 58 26 46 27 13 49 2 28 67 25 11 54 52 26 22 2 4 52 35 49 49 29 45 44 62 4 34 19 51 47 38 68 57 57 33 60 56 70 30 61 69 20 66 67 11 6 37 21 65 44 16 4 40 52 22 23 56 54 37 3 19 18 56 42 63 37 63
