1000
36 15
50 11
66 95
99 19
41 90
67 96
32 50
54 72
27 56
37 68
25 45
51 38
44 75
12 34
36 47
97 97
58 35
96 37
21 29
60 13
48 88
23 68
61 17
13 30
4 4
5 52
5 75
58 21
9 44
58 24
66 65
50 34
50 20
61 51
64 34
65 87
90 88
76 83
23 21
86 12
12 81
49 8
77 76
3 45
92 6
67 72
36 28
56 24
87 28
39 85
14 72
51 27
31 37
34 97
30 25
47 69
74 70
73 60
24 100
87 43
18 18
89 71
52 88
10 70
21 66
75 77
58 33
85 93
85 21
98 95
28 74
42 26
46 34
47 62
79 52
98 60
20 34
37 33
41 23
91 63
91 13
96 73
18 37
89 45
39 33
1 35
67 51
22 60
38 53
42 7
5 94
56 82
73 90
27 59
30 12
14 69
65 62
61 45
48 50
1 90
96 79
63 33
8 52
10 6
68 78
2 57
98 84
88 6
54 18
55 27
65 21
5 47
8 93
44 37
48 35
57 58
49 3
81 58
39 91
87 86
40 12
31 4
23 35
16 18
20 84
96 5
43 20
5 96
64 60
38 33
8 24
95 95
75 33
35 62
31 29
6 62
47 19
17 51
64 94
79 8
25 49
20 92
76 24
90 14
78 17
81 57
78 11
92 95
61 59
26 30
8 26
33 21
96 51
63 19
9 60
78 6
46 57
49 79
75 56
30 99
36 56
11 88
60 79
17 39
42 33
37 58
49 18
7 74
64 8
62 84
52 12
46 43
47 48
23 43
66 42
55 60
25 80
48 10
24 45
15 76
80 94
16 56
11 24
29 90
72 20
86 30
27 71
43 33
62 98
99 55
26 25
66 63
25 94
94 79
54 30
15 18
56 17
85 69
78 70
77 47
91 47
99 36
60 84
73 92
99 76
76 26
40 3
52 95
26 25
64 23
15 59
58 66
91 90
81 36
35 44
42 16
64 19
6 79
52 33
32 67
80 37
40 65
93 100
49 61
68 68
41 55
46 82
59 53
97 12
9 61
71 76
96 63
65 86
12 74
85 72
74 99
95 32
40 72
82 51
9 95
1 50
50 26
78 19
89 26
40 20
33 17
98 39
72 79
72 3
16 25
50 82
9 11
90 44
82 50
49 22
3 9
81 27
70 92
77 34
76 36
44 36
85 74
3 76
88 35
71 32
30 11
5 60
21 17
71 56
55 48
45 51
50 55
82 5
56 8
12 34
46 68
7 48
96 47
25 57
76 64
83 81
18 95
54 26
13 58
40 34
75 18
18 8
65 19
34 78
97 50
49 86
71 87
52 3
62 77
47 55
50 60
17 50
63 55
53 57
77 64
56 38
64 12
20 92
34 40
94 2
92 64
68 67
61 9
91 36
27 28
28 49
95 15
46 23
58 42
41 48
87 41
13 67
40 91
53 46
16 49
28 86
59 27
5 36
60 5
30 23
92 19
47 52
78 70
11 65
24 63
97 96
20 79
54 13
45 67
20 93
72 41
34 13
57 53
24 30
88 20
84 47
52 69
82 66
87 93
49 62
50 91
16 9
2 91
3 56
93 64
18 6
10 62
76 82
45 7
7 87
94 24
22 10
56 80
5 59
96 89
43 68
61 95
18 42
73 71
22 71
38 11
52 99
64 29
50 77
62 53
70 93
36 84
47 46
91 37
7 67
52 23
3 95
6 100
81 53
87 84
98 68
78 53
65 40
97 73
77 62
24 20
11 52
92 64
81 81
93 31
50 26
87 82
62 14
80 68
89 92
30 74
48 55
73 92
4 93
23 4
16 98
63 5
77 85
90 46
94 2
83 15
39 20
59 50
12 90
62 7
22 8
60 100
54 25
94 51
6 84
58 6
1 91
71 88
52 51
65 83
48 61
27 79
23 64
15 13
50 33
80 5
52 82
86 99
25 67
97 62
13 92
100 51
11 54
88 78
82 95
43 67
66 96
19 51
16 5
77 91
58 86
8 87
82 89
53 70
76 9
19 82
2 62
27 45
58 8
98 85
14 19
46 33
33 85
96 25
52 50
58 92
6 25
76 95
95 82
66 88
38 72
3 29
52 52
21 93
100 97
64 13
65 79
25 78
11 20
69 11
52 19
1 90
77 96
16 1
40 3
38 36
93 66
43 50
31 91
24 91
84 29
79 84
14 8
18 11
91 4
83 16
31 25
37 33
21 68
28 37
33 11
52 69
31 98
59 8
3 75
7 44
9 54
45 80
23 62
30 30
59 82
6 37
15 76
81 70
33 15
69 54
91 50
61 98
38 9
93 97
71 81
78 9
16 48
81 15
77 90
42 15
99 84
37 98
97 2
40 6
56 21
72 3
85 29
8 5
96 40
35 80
36 7
5 60
4 36
43 31
54 37
42 53
5 7
41 93
7 12
52 85
4 14
86 45
21 30
67 72
27 18
65 54
80 39
62 85
68 39
90 15
16 60
85 91
37 11
10 69
11 68
51 90
21 23
43 84
49 46
14 49
42 67
32 39
86 43
15 97
69 36
52 51
30 76
68 4
83 44
46 23
39 89
56 75
52 53
52 22
88 40
26 38
35 47
47 93
69 75
14 80
15 64
42 83
9 38
48 95
63 94
76 33
31 83
81 23
52 1
9 45
85 25
91 100
80 18
9 48
37 31
23 57
85 34
79 15
80 26
62 20
46 64
83 5
13 97
78 19
8 79
47 31
97 82
64 98
76 25
50 80
82 2
70 80
64 74
47 31
78 75
94 36
96 70
68 53
96 92
95 61
93 73
95 81
92 84
28 52
97 12
11 92
91 74
22 49
8 100
70 38
64 15
52 75
44 68
34 98
99 55
69 85
45 27
74 76
84 64
92 28
80 60
37 33
78 39
89 52
37 9
20 39
66 52
78 39
86 4
98 1
100 19
37 26
67 46
11 64
84 96
12 47
34 48
100 31
53 35
45 36
46 98
41 28
51 56
75 30
1 88
26 3
10 20
75 89
58 28
84 65
86 5
31 27
72 41
49 67
4 15
83 96
47 6
9 9
15 88
71 92
1 95
92 16
72 75
62 62
62 23
84 4
68 100
55 33
69 6
80 53
8 36
90 92
36 86
5 42
2 47
97 88
96 89
63 10
84 84
66 42
45 11
9 68
25 36
42 76
48 44
35 55
74 75
47 95
79 97
22 14
46 40
93 98
98 76
13 54
52 60
62 89
2 9
81 94
24 97
25 12
88 56
25 27
97 67
52 52
28 24
96 35
43 80
46 44
37 74
52 54
61 80
65 7
79 3
87 70
85 4
54 88
56 30
77 76
51 76
80 76
63 19
56 56
37 6
39 35
8 19
92 42
74 65
97 50
30 6
43 71
84 54
69 95
69 54
9 55
96 83
48 67
55 73
5 18
45 35
39 44
43 85
29 68
60 84
73 50
92 35
89 18
89 75
92 61
73 53
23 71
20 99
23 54
57 9
25 17
97 29
3 2
7 39
56 32
38 79
18 73
87 24
6 62
8 11
46 56
57 52
33 29
95 11
44 59
18 100
2 6
3 93
10 30
19 10
93 34
58 21
1 96
50 46
52 85
77 36
4 32
82 62
10 93
69 44
78 92
23 14
86 10
49 100
15 77
98 95
54 52
92 87
100 17
83 79
35 41
61 82
53 83
43 95
55 79
75 53
89 68
59 81
66 75
13 34
38 1
36 82
27 40
68 64
93 79
31 82
1 11
86 3
91 30
52 1
96 64
67 39
43 49
5 90
73 36
7 62
62 65
91 96
87 60
10 76
68 29
83 100
51 84
95 57
50 34
43 29
14 30
86 88
35 12
44 3
12 14
50 37
75 61
9 83
31 29
18 40
61 95
4 2
82 67
27 17
35 29
14 17
87 25
42 40
36 39
7 6
16 35
53 12
18 58
75 1
37 99
66 39
23 94
82 30
56 16
24 5
97 87
75 1
64 53
28 75
73 37
35 69
23 77
46 91
75 75
76 50
50 55
27 31
7 59
9 84
88 99
62 51
25 1
41 59
64 90
58 34
25 78
72 49
80 39
15 2
73 82
3 22
93 47
19 74
77 94
82 27
65 71
4 79
71 96
35 65
96 20
26 57
54 68
75 100
73 38
71 92
21 21
71 75
100 36
85 80
53 54
30 20
87 88
83 15
88 68
25 84
11 1
94 46
54 40
59 25
82 26
45 49
60 54
65 32
79 74
87 92
72 53
71 72
32 38
8 20
3 43
81 81
70 54
6 62
25 68
61 38
58 41
6 49
53 40
11 9
95 4
32 91
73 87
80 28
50 99
92 54
13 60
58 58
46 78
23 36
75 12
25 62
28 72
1 29
85 31
70 62
83 89
23 19
16 96
2 69
78 22
9 56
1 88
6 21
42 86
81 11
49 85
24 48
24 57
25 85
99 96
65 65
81 62
32 35
15 39
72 49
81 37
75 55
85 60
4 61
45 74
87 8
73 44
95 16
37 5
17 89
52 69
20 7
88 2
98 95
5 100
30000