100
42 54
93 11
60 40
76 18
51 49
91 32
59 6
49 47
22 2
27 52
39 10
69 78
27 80
36 21
15 98
92 81
48 38
8 90
60 8
44 77
74 8
38 19
47 24
66 5
6 4
37 95
53 51
15 68
100 30
89 74
75 41
4 95
95 21
61 57
18 79
20 27
13 53
13 64
54 5
53 15
26 85
42 69
57 43
21 2
23 48
83 10
64 40
77 10
29 81
33 89
24 57
28 66
58 63
71 15
27 68
10 32
99 13
10 68
30 37
92 29
63 53
74 80
18 88
5 58
52 50
14 64
70 7
20 69
18 81
83 35
15 14
21 33
24 87
50 5
5 5
48 7
34 28
20 46
32 57
6 6
77 28
83 53
64 39
53 10
78 78
16 48
93 75
33 94
50 67
5 12
100 49
10 36
70 8
70 40
93 56
12 40
13 17
99 34
68 26
91 3
1200