10000
11 16
86 31
92 23
86 1
46 79
92 59
5 60
89 57
79 84
69 20
86 46
97 21
38 33
48 83
41 49
83 27
1 66
85 73
100 14
32 38
2 39
72 94
31 33
91 29
80 88
15 19
96 86
56 28
78 7
28 59
81 93
75 46
35 88
41 90
35 38
66 66
13 5
40 12
95 57
81 93
77 31
68 42
1 99
75 77
92 26
75 77
9 1
44 52
20 42
79 81
63 34
54 75
36 8
88 86
94 16
72 30
74 22
85 97
32 99
68 50
1 47
82 53
79 74
52 77
61 81
3 85
60 43
63 36
37 65
28 56
46 67
30 24
29 39
33 98
39 84
57 24
51 64
97 66
37 45
22 90
82 58
63 72
36 29
78 74
29 36
63 82
35 21
97 94
98 36
69 79
33 73
3 51
63 69
6 24
65 80
81 47
84 37
49 69
97 33
51 72
32 97
90 19
64 50
49 50
99 76
46 25
58 70
67 75
100 48
46 56
65 86
23 60
23 43
9 8
23 42
70 94
57 44
21 25
56 10
69 75
2 89
44 30
86 44
89 66
73 90
42 27
54 60
98 85
17 34
95 96
81 86
58 34
15 19
35 82
54 3
54 32
51 55
25 86
33 47
3 88
57 28
69 81
91 53
27 47
71 90
25 10
51 69
90 95
58 62
50 58
73 53
36 93
1 15
14 90
9 43
65 80
42 100
39 1
32 63
44 81
30 42
79 23
86 11
45 84
33 84
25 78
50 12
41 97
87 96
2 76
84 74
15 75
3 45
13 6
99 54
59 99
64 7
20 50
97 22
70 41
69 77
81 32
45 91
61 30
11 78
82 81
81 47
60 33
1 10
37 63
85 96
51 91
67 70
33 17
53 3
83 88
89 30
53 100
43 9
63 36
66 71
99 22
1 38
83 4
6 94
2 28
83 31
77 33
87 71
94 62
20 69
91 1
44 91
63 7
1 82
8 40
71 24
33 12
63 37
75 20
40 9
36 16
28 70
18 42
81 27
65 53
15 98
35 17
73 36
21 1
7 19
10 13
40 62
6 88
76 1
96 1
56 71
12 83
82 6
41 37
95 80
8 39
86 100
63 53
90 74
47 56
69 58
12 47
74 37
10 77
34 47
58 97
29 14
83 51
29 59
88 35
64 65
34 20
25 24
26 57
91 72
21 99
29 17
87 66
76 15
64 75
32 57
31 52
85 29
51 44
4 41
96 72
44 9
66 43
95 72
1 87
91 11
58 66
2 76
65 52
95 84
93 62
15 19
81 84
46 27
45 53
42 51
28 44
66 44
33 26
89 54
32 5
87 56
8 78
39 81
90 8
89 87
36 30
45 85
27 8
2 30
39 29
55 89
49 78
15 60
90 2
12 62
6 8
38 64
78 44
12 74
90 32
19 79
75 48
97 56
22 66
11 84
86 98
31 1
5 24
33 74
60 95
89 63
47 75
79 4
82 92
33 45
86 32
65 8
90 44
78 98
67 91
18 98
83 1
65 45
47 75
48 19
3 15
96 26
39 42
55 17
18 19
90 19
18 48
68 28
42 13
71 73
40 96
8 10
52 61
2 85
66 12
29 74
5 78
15 73
70 3
82 85
65 70
7 51
93 15
95 26
76 56
6 3
57 88
74 73
57 73
20 4
57 68
65 4
2 56
22 47
5 34
31 36
6 44
39 64
68 43
31 85
53 34
55 53
54 2
17 72
40 19
28 51
13 30
67 28
19 49
88 15
79 46
38 71
79 17
80 2
52 20
98 64
4 58
48 48
98 66
69 63
80 10
90 7
39 48
1 20
40 79
16 90
24 55
42 16
53 100
3 4
28 49
91 7
12 93
22 100
20 87
39 34
84 50
78 75
88 87
36 29
100 14
94 78
9 88
42 96
24 16
24 16
11 98
51 74
20 96
89 78
73 65
89 98
93 31
50 1
31 94
30 17
2 15
80 54
15 4
86 39
42 100
91 19
25 89
52 2
55 77
29 89
13 30
28 5
27 42
47 13
43 88
28 40
64 9
8 60
30 44
75 2
57 34
95 81
2 95
20 86
89 77
13 89
16 6
36 83
39 16
19 89
20 82
96 35
83 82
20 27
71 9
6 24
98 92
10 40
13 79
71 88
18 84
43 22
1 95
14 99
6 91
80 52
22 27
70 45
30 6
25 26
28 59
26 99
69 25
56 5
17 48
82 68
68 65
29 79
97 95
54 51
38 5
80 83
28 81
39 63
68 83
76 38
38 36
21 82
73 60
88 91
43 33
81 43
24 25
73 82
24 31
37 82
21 7
5 67
39 100
48 1
94 18
85 57
80 15
25 13
63 30
9 69
88 97
60 70
88 92
100 100
98 23
58 17
70 3
10 58
83 61
24 90
7 13
47 9
95 84
53 68
17 28
7 49
47 65
22 56
57 27
94 82
73 71
71 28
22 17
59 71
59 2
35 93
5 96
3 5
34 34
67 40
34 84
21 83
63 81
44 87
30 56
72 17
90 70
62 27
47 84
10 2
100 94
66 57
97 59
21 11
27 95
55 35
63 66
28 95
10 91
70 87
38 34
77 22
68 45
52 74
82 67
13 69
68 32
24 83
51 38
100 47
84 78
45 3
46 15
55 37
88 46
26 3
2 25
99 53
10 12
9 19
96 93
33 77
61 57
65 15
58 4
4 14
10 54
40 87
99 90
20 66
56 35
63 12
9 15
18 40
37 72
9 68
76 24
6 13
60 98
51 68
29 90
23 37
54 54
74 100
8 52
94 54
81 43
23 52
21 43
75 49
45 17
96 68
37 46
10 62
89 38
27 70
9 33
47 42
82 93
6 29
52 65
88 11
19 30
31 82
6 63
65 67
91 71
90 26
61 83
69 51
9 16
26 32
26 49
82 56
70 19
21 59
55 24
71 46
12 37
9 64
89 28
58 13
2 53
3 44
58 40
78 14
30 35
96 45
52 31
74 27
27 92
70 26
60 9
2 41
24 21
21 72
38 99
44 77
6 62
91 85
52 68
54 86
52 16
59 97
100 67
73 73
41 81
32 93
27 64
98 61
82 6
38 24
68 80
2 76
93 92
24 63
94 52
12 17
29 61
82 25
43 90
10 59
51 87
92 52
57 98
23 83
66 70
30 39
69 77
94 45
98 68
84 55
99 33
64 21
62 46
90 79
53 51
7 90
39 100
60 50
43 15
95 45
99 45
80 22
64 82
84 43
10 9
90 41
7 41
48 37
9 47
88 18
75 11
9 41
57 67
2 44
43 66
33 34
86 56
28 70
90 84
85 94
4 18
43 71
70 68
76 22
30 73
18 36
14 70
40 100
71 96
98 70
82 28
14 86
58 71
39 7
2 3
29 46
2 89
2 49
64 53
14 73
48 46
37 1
56 7
85 44
30 81
31 55
71 9
64 15
53 83
91 38
3 47
57 54
56 51
78 50
24 2
78 63
42 86
24 29
13 58
98 38
65 50
97 34
62 71
71 72
18 21
92 39
3 1
43 98
56 27
57 61
11 25
61 12
59 35
4 78
85 6
35 56
9 42
39 8
18 90
24 22
36 77
24 56
95 32
38 11
64 22
54 40
93 5
86 81
56 99
6 68
61 13
8 34
43 6
6 19
15 27
73 46
80 64
7 45
64 27
39 47
74 34
76 12
58 86
82 85
65 19
39 29
31 55
71 39
67 26
42 49
66 39
24 78
88 95
93 26
17 51
81 62
92 97
28 75
55 90
83 35
82 59
1 69
30 5
24 69
99 73
91 51
69 1
46 54
66 93
80 68
37 29
63 28
49 38
31 49
51 60
52 11
82 33
2 70
10 21
47 79
91 78
39 98
81 60
11 92
20 22
53 97
64 60
85 68
34 66
72 29
19 21
38 49
60 41
19 7
28 76
57 25
79 33
68 60
20 19
61 1
99 40
55 25
3 50
26 16
48 87
76 84
53 73
46 60
93 45
82 96
66 97
89 41
56 16
43 5
88 31
92 5
81 82
73 14
51 69
29 6
95 39
3 66
99 8
41 73
34 58
66 65
77 44
2 38
61 41
27 28
19 35
68 4
74 68
59 54
56 39
28 80
84 55
74 49
21 50
73 2
25 63
33 45
47 3
17 23
7 32
7 1
54 6
62 48
38 33
67 75
93 40
93 24
68 52
12 96
90 20
28 35
37 59
75 94
94 8
66 54
27 26
65 49
42 33
17 46
45 82
25 74
75 47
92 33
99 41
22 46
88 25
2 57
34 31
99 42
83 89
81 6
38 95
54 53
61 24
35 93
50 75
22 81
80 90
95 93
14 69
87 29
52 79
7 89
64 38
32 60
68 46
96 78
47 98
12 77
71 30
90 26
98 28
26 33
7 36
86 92
40 76
86 4
33 37
90 56
75 38
43 58
64 42
84 10
64 56
100 17
87 5
69 5
48 52
25 90
59 99
12 58
35 88
49 24
83 68
91 76
52 29
6 1
37 26
9 34
54 51
58 80
76 78
31 15
29 99
95 63
44 77
52 22
39 24
22 27
67 39
12 85
85 20
73 60
22 82
12 46
6 51
92 86
85 59
98 99
15 55
90 72
9 7
11 98
60 39
73 46
100 36
22 70
58 19
79 78
67 100
17 8
26 61
83 94
86 67
69 10
26 35
60 32
97 56
39 98
86 84
8 53
8 99
85 45
61 60
72 67
1 72
61 68
64 100
24 53
57 84
56 91
61 25
90 59
23 22
77 70
14 93
21 17
15 94
4 36
36 42
67 28
29 15
57 11
56 97
82 78
73 31
50 82
42 29
69 1
82 77
26 52
13 96
70 2
58 100
2 2
36 97
26 99
45 17
68 30
99 18
76 55
37 74
7 49
2 57
81 100
80 19
41 68
5 59
68 71
17 25
23 79
17 88
58 20
79 11
21 26
41 16
97 63
25 50
63 36
77 28
20 71
89 64
52 29
72 43
13 33
84 49
55 42
57 23
52 35
67 70
35 33
8 9
36 30
65 19
73 49
41 2
33 14
29 48
8 76
94 94
30 4
45 86
84 2
87 4
30 5
36 28
79 63
49 74
45 7
31 49
71 58
54 36
86 41
69 66
46 38
7 53
48 95
94 77
67 21
66 89
26 61
33 31
58 84
5 77
27 71
70 9
63 28
42 69
56 42
64 31
85 19
81 98
93 30
69 6
34 55
62 95
88 69
59 5
14 14
7 22
41 50
52 8
35 72
98 21
47 60
5 57
50 7
38 3
17 81
15 41
15 20
75 9
11 28
40 55
60 46
97 24
41 77
42 37
99 35
10 32
31 3
3 71
10 16
77 26
40 34
68 97
90 89
71 34
86 89
23 87
41 1
73 14
33 65
3 59
47 92
14 12
15 78
94 43
52 37
37 22
26 79
72 29
65 1
48 60
84 1
90 52
12 93
63 56
62 8
16 2
46 86
70 29
34 44
67 51
77 35
83 83
79 23
8 48
71 12
30 56
58 83
3 24
46 35
16 7
23 9
31 94
51 75
66 8
64 1
24 62
14 52
8 95
69 29
65 62
94 54
75 90
69 17
71 91
67 58
30 84
96 34
44 13
40 17
44 69
68 94
56 41
70 46
73 33
75 81
20 39
21 37
21 69
44 67
46 80
6 65
93 68
4 83
92 65
81 73
53 77
57 45
52 88
97 53
61 65
61 72
51 99
21 56
50 15
56 31
37 3
83 96
56 28
1 96
80 90
16 36
27 30
88 17
28 96
86 72
65 99
72 21
77 33
41 41
74 52
23 3
55 29
18 34
29 72
79 78
30 87
79 89
89 61
75 88
83 36
89 75
93 37
59 7
16 38
36 19
53 28
40 76
81 83
56 26
3 21
9 51
53 70
33 78
72 69
32 67
79 65
63 44
5 68
25 40
74 87
16 12
38 60
34 57
60 65
31 30
95 10
95 31
53 44
31 26
79 78
43 21
47 62
38 34
68 79
98 42
57 19
25 49
27 99
41 13
18 97
45 92
19 12
63 29
47 8
8 56
58 17
49 38
18 87
14 54
43 92
29 69
6 53
42 9
65 27
11 47
4 99
73 40
84 89
68 79
16 88
92 46
2 26
64 6
78 67
76 84
91 28
13 45
60 31
2 91
53 77
35 85
60 81
100 13
13 66
36 87
79 83
40 14
79 89
22 21
48 3
46 7
9 94
42 29
44 80
55 7
88 71
4 2
14 67
75 3
91 35
15 11
93 47
10 17
82 88
38 23
91 4
47 71
87 92
71 3
78 8
34 93
30 96
82 67
96 44
94 35
35 73
67 60
77 94
39 84
12 85
3 53
41 51
98 75
94 66
19 84
16 15
61 58
94 93
14 11
84 31
5 63
91 100
76 22
60 24
64 70
73 30
98 31
61 75
37 82
83 53
95 69
8 39
70 48
57 77
54 25
69 76
45 89
54 46
83 15
58 74
54 34
4 91
38 72
21 73
61 51
27 79
39 91
84 14
60 39
7 83
19 78
51 80
91 21
16 59
48 63
70 1
81 49
32 10
35 12
3 37
1 2
80 68
98 18
69 68
69 54
2 31
65 64
55 44
48 39
35 25
33 2
7 83
2 25
44 85
94 71
35 19
11 100
55 81
27 57
18 36
77 6
64 24
98 72
74 39
53 93
34 19
12 100
34 45
74 68
99 76
25 32
45 8
92 65
38 78
6 2
81 99
30 66
91 62
95 83
40 3
6 35
19 82
9 13
53 16
94 61
44 37
89 50
39 47
34 13
18 4
92 90
84 51
91 51
96 92
65 87
12 65
29 57
27 19
56 61
95 6
62 63
76 73
60 88
11 63
89 9
47 4
89 98
45 94
18 47
77 70
22 30
100 91
49 71
98 24
80 28
50 8
67 45
14 17
20 70
70 29
59 61
27 60
47 51
11 44
61 49
1 61
93 86
1 56
3 7
70 32
11 93
11 26
4 41
5 44
74 68
98 46
23 25
12 55
86 66
17 82
91 25
24 54
47 50
75 40
72 34
98 93
19 74
52 31
9 30
46 93
91 5
27 53
77 47
46 55
42 11
76 14
53 14
26 7
46 61
33 51
36 11
6 72
74 13
29 37
24 39
43 33
71 95
51 64
8 17
24 29
38 100
89 62
34 40
82 16
26 45
54 73
57 58
53 74
29 73
96 4
86 73
86 37
39 95
49 26
82 61
68 82
87 1
81 80
72 55
44 10
2 85
34 34
89 59
29 95
35 64
65 67
39 73
47 92
55 90
46 99
69 48
44 18
11 81
66 99
77 5
66 65
94 20
47 9
5 79
83 95
72 98
73 90
74 90
15 27
65 1
92 75
86 30
91 29
89 66
30 86
87 23
33 55
85 63
43 37
57 19
59 100
11 64
84 42
90 95
43 76
57 17
65 4
66 98
80 8
29 31
46 38
35 50
35 15
97 43
64 69
58 85
75 27
98 29
13 3
85 5
28 51
61 55
8 57
56 73
100 84
68 16
8 98
61 71
52 39
94 84
89 42
91 88
18 35
68 64
75 90
67 41
11 55
61 41
75 9
30 15
63 86
96 65
95 96
27 85
70 96
15 93
98 75
36 70
61 97
74 98
58 12
94 5
9 9
38 18
23 52
39 56
42 32
98 85
56 13
77 100
21 74
25 81
69 88
33 48
13 1
53 94
28 45
38 88
62 11
37 80
6 26
81 67
25 40
31 44
26 74
8 45
49 51
96 14
95 54
58 90
91 79
8 51
44 39
71 96
14 17
55 28
15 77
90 40
5 64
23 77
56 60
70 18
99 86
7 75
27 68
37 15
12 52
20 26
17 45
79 7
14 46
64 55
28 47
64 100
81 62
92 31
81 55
96 48
30 40
80 70
41 43
72 13
19 7
82 95
77 68
3 51
43 11
46 55
93 79
2 40
98 77
95 25
2 3
50 91
61 21
25 36
32 37
2 97
22 99
60 18
75 43
99 14
70 79
63 50
32 54
77 84
2 54
4 41
3 9
2 45
27 47
29 97
33 93
84 73
74 73
78 53
10 43
29 67
24 48
47 56
73 46
30 73
26 77
97 39
82 44
32 95
77 49
50 30
55 15
100 42
65 15
28 73
73 4
71 23
99 56
19 58
5 15
92 74
97 30
89 94
19 96
55 76
86 79
55 58
60 66
88 23
43 30
5 20
25 76
61 16
85 10
28 25
58 6
23 16
70 86
72 63
56 27
68 70
92 65
66 75
49 87
100 97
61 36
69 87
95 9
57 4
13 46
17 38
10 93
90 55
89 18
93 70
15 69
33 20
65 70
47 91
84 46
88 88
46 97
29 11
7 46
21 1
39 7
17 50
16 31
53 54
66 38
49 26
31 38
70 74
98 93
99 97
26 8
2 55
1 66
52 7
23 61
39 30
43 51
62 67
64 45
89 1
95 62
14 63
16 76
90 52
15 85
99 67
10 36
32 19
17 63
100 17
25 5
58 5
58 82
31 60
57 39
37 38
82 90
78 99
44 14
40 36
19 91
46 76
33 7
59 12
29 77
91 84
8 88
47 33
20 5
14 94
16 29
67 27
3 29
31 30
64 66
83 91
52 22
42 44
74 65
40 47
79 87
81 59
8 79
87 46
49 11
3 86
12 1
72 34
93 20
50 41
36 41
98 6
86 49
100 6
36 88
11 19
18 16
78 21
52 40
85 56
50 78
11 91
23 2
94 41
48 9
31 47
94 88
3 59
40 19
67 13
15 89
27 31
24 3
74 38
27 73
11 32
39 8
9 6
11 40
60 80
65 30
30 57
33 59
11 13
16 99
82 45
91 35
9 37
49 6
9 32
85 1
61 8
97 79
99 8
31 27
60 96
95 20
39 63
17 99
1 30
68 49
54 61
52 96
35 18
91 24
53 91
65 71
48 11
47 28
99 7
61 35
36 34
30 54
84 53
21 65
20 16
88 12
66 67
29 15
43 85
89 49
16 91
43 85
14 17
56 59
62 28
54 78
3 47
12 9
44 52
90 63
14 84
25 33
3 14
69 6
63 93
44 42
86 45
6 45
65 28
63 70
21 28
24 25
96 34
64 54
5 84
27 17
69 54
23 5
9 17
27 78
75 99
68 31
87 86
49 42
42 80
32 15
49 16
48 35
36 100
52 58
27 64
4 56
98 61
85 35
62 100
84 78
90 30
51 35
67 65
4 52
1 72
29 80
54 22
97 13
26 44
66 30
45 10
97 34
32 4
64 41
80 65
92 66
60 82
59 21
3 76
85 64
32 19
23 93
98 73
92 98
74 68
30 83
91 82
53 68
54 12
78 69
51 93
37 10
6 48
58 68
43 12
65 39
96 35
16 53
33 4
85 68
31 13
35 19
42 48
72 4
43 33
49 37
84 57
38 9
80 59
55 79
60 38
76 82
86 34
92 90
71 91
65 79
66 22
99 42
90 72
19 8
55 55
70 3
93 73
60 42
42 64
74 95
42 95
28 49
20 63
99 40
76 7
86 25
59 24
50 98
44 27
66 83
21 48
93 61
95 68
60 36
70 25
48 56
100 24
64 73
51 56
48 58
78 6
25 16
21 47
32 35
51 38
47 6
74 29
45 59
44 76
57 65
93 44
43 66
2 22
35 20
4 10
40 46
17 32
63 95
36 50
44 91
44 40
49 99
1 54
67 41
80 57
19 71
45 7
5 99
38 14
92 63
44 97
23 8
6 50
88 68
34 91
95 7
11 74
23 16
15 40
79 18
16 46
86 14
51 61
26 24
99 57
17 91
60 88
63 35
27 5
27 63
86 5
89 66
1 96
19 58
61 2
72 62
31 20
12 40
30 9
48 52
92 67
72 30
84 9
53 10
46 4
3 19
19 21
32 53
39 19
52 18
39 23
19 24
10 93
33 81
31 40
77 15
73 69
70 2
20 23
33 36
51 25
12 92
67 97
68 44
76 76
84 43
53 45
20 76
90 40
59 73
87 69
33 62
9 76
75 4
17 32
52 99
24 51
32 88
33 78
36 19
64 7
38 25
90 89
62 84
43 40
92 11
99 19
21 87
59 87
29 4
53 8
35 43
27 24
53 27
92 84
55 99
51 81
36 20
23 93
13 99
78 45
72 9
43 12
25 78
92 20
100 76
48 49
93 79
25 32
30 23
5 24
32 8
6 23
59 82
29 82
33 75
73 80
43 9
1 98
34 93
14 56
53 51
3 56
48 18
21 13
67 97
64 25
95 62
65 91
36 38
49 61
18 17
25 58
43 95
20 1
81 59
33 20
56 95
64 40
85 23
27 94
20 10
65 1
53 80
5 55
50 71
56 29
62 45
31 28
28 43
91 93
20 97
43 83
97 14
9 52
29 95
51 40
28 20
98 32
79 23
39 16
85 38
63 26
48 90
94 48
11 93
59 93
20 73
35 87
40 78
65 35
51 77
21 47
72 73
72 81
19 56
44 45
76 12
42 96
63 15
48 75
32 45
56 89
88 73
32 97
94 79
40 6
89 85
18 42
48 5
53 26
25 36
3 47
7 48
81 81
37 54
15 89
50 82
55 90
12 2
46 79
16 5
92 63
7 65
48 18
81 82
41 21
14 24
82 48
13 72
55 38
12 85
82 39
62 16
51 94
33 12
71 100
32 48
17 10
69 75
32 95
51 54
58 87
54 22
26 11
24 95
30 83
24 22
6 10
43 60
76 93
46 47
83 55
89 28
57 13
41 90
21 100
49 48
73 15
67 37
80 77
24 60
89 56
26 34
46 21
19 27
21 91
12 23
86 18
29 48
45 84
20 34
40 74
56 67
42 10
68 69
42 25
37 100
80 12
23 91
9 45
58 49
100 56
14 26
62 22
88 73
66 80
86 38
53 8
55 34
82 46
24 20
30 65
40 36
94 44
39 27
39 55
85 25
29 92
21 37
64 56
19 30
42 36
81 18
57 98
53 44
61 56
32 38
82 48
100 86
65 20
7 42
11 92
30 95
37 38
88 82
23 95
42 41
51 20
6 83
92 30
41 54
22 42
34 73
80 9
37 12
99 51
82 14
70 64
92 35
90 90
77 9
84 52
21 72
63 12
56 67
90 89
77 89
25 8
46 68
97 32
5 81
19 86
85 47
77 62
36 77
60 53
98 84
65 49
58 14
100 6
67 84
38 86
87 77
18 26
21 71
69 32
12 56
46 26
62 36
91 11
7 62
94 13
91 22
43 27
23 85
30 48
95 13
70 22
96 11
30 19
29 73
92 80
51 17
98 69
79 66
74 35
77 4
32 32
9 32
66 67
99 57
78 79
19 98
83 71
87 31
91 72
66 70
47 30
64 95
15 75
35 27
19 55
8 94
34 77
51 92
85 44
58 12
64 26
68 83
79 82
79 32
80 70
91 51
47 94
30 40
12 60
3 57
4 9
51 19
37 66
100 55
18 100
62 19
64 99
74 71
30 18
31 3
89 57
82 11
9 26
72 14
52 13
92 16
70 99
60 9
37 40
98 66
30 52
83 36
5 26
47 1
74 10
78 83
22 22
19 86
53 34
1 6
50 38
40 74
28 58
36 7
1 64
42 20
49 14
58 39
71 3
83 54
26 45
82 46
13 12
95 19
21 25
71 69
97 19
29 33
84 48
96 71
92 52
3 31
98 49
57 78
48 77
83 89
23 65
11 13
70 66
47 47
32 64
69 89
11 18
23 71
96 81
65 92
30 9
76 34
57 47
88 50
81 52
13 95
89 11
50 82
46 78
19 10
48 67
30 77
15 87
32 9
53 61
94 42
74 13
48 11
45 28
17 5
67 15
80 74
26 70
29 91
32 82
40 96
74 11
65 82
32 11
8 8
76 59
5 45
28 5
93 43
34 63
22 77
67 91
30 49
33 67
78 100
79 60
38 93
82 78
33 32
20 78
51 83
50 3
55 77
76 21
100 78
82 33
61 30
43 29
80 90
46 68
7 5
42 86
69 89
56 15
20 2
13 70
58 52
79 4
35 84
35 34
10 40
95 100
76 45
25 97
70 78
3 13
13 67
45 76
80 73
70 26
55 100
6 79
79 1
59 97
81 32
38 30
93 47
10 12
18 16
95 21
37 80
38 75
12 73
85 86
89 80
78 83
47 88
48 49
16 79
89 15
25 77
45 7
46 66
7 29
93 82
4 34
22 57
97 45
88 23
41 13
98 51
43 70
43 22
74 47
31 19
98 82
55 64
71 99
6 85
44 71
38 79
6 57
96 97
77 35
85 37
27 37
21 22
84 43
18 12
53 51
88 80
94 32
13 48
44 20
5 13
18 2
18 18
27 6
8 72
95 14
99 90
57 80
48 34
46 20
87 22
62 71
20 13
52 59
14 39
89 46
36 9
46 24
57 90
49 17
69 14
82 68
20 73
42 91
25 74
98 95
40 77
91 87
17 61
9 84
84 78
31 5
52 28
81 10
78 92
26 9
53 29
92 77
82 74
8 59
65 33
60 81
6 8
68 20
39 72
99 51
34 30
33 4
85 96
45 49
84 81
20 53
20 21
51 28
42 92
41 50
81 99
46 67
37 19
6 23
62 49
5 48
48 8
49 81
91 14
88 31
57 54
67 86
72 54
19 47
92 66
58 63
44 66
37 14
23 73
84 98
36 10
39 52
4 21
5 72
27 80
74 42
79 47
63 37
32 29
83 55
84 41
100 22
67 73
84 66
26 14
45 37
79 92
43 100
17 43
12 14
42 37
93 90
81 68
79 80
43 96
75 52
85 46
51 83
14 64
23 87
43 1
22 94
91 63
21 82
5 12
91 67
98 56
93 64
24 46
99 19
97 77
11 25
63 9
86 72
36 82
31 30
93 79
90 72
94 68
93 65
84 54
35 63
21 26
43 4
89 14
82 86
87 30
57 83
87 88
36 45
23 73
90 23
30 67
41 43
98 96
73 37
86 24
90 78
65 86
17 3
8 8
52 77
85 28
25 10
63 30
88 75
96 30
93 85
76 75
84 87
88 78
70 76
1 84
60 35
16 75
5 39
12 95
13 3
45 63
83 51
83 60
99 62
8 54
61 62
88 45
75 67
42 3
26 48
46 96
44 21
8 2
47 21
4 31
83 72
28 80
4 22
11 84
45 71
85 40
94 96
39 13
62 13
68 61
58 24
58 46
86 41
69 50
95 67
58 35
59 92
57 33
26 37
86 30
88 89
79 91
40 7
36 6
65 41
73 13
48 28
11 92
65 89
97 3
96 8
45 92
9 100
94 65
45 73
53 2
72 15
53 57
99 17
52 52
75 1
49 87
38 8
60 31
96 47
50 91
5 12
81 84
80 21
40 15
36 47
20 67
42 71
93 93
40 80
89 24
81 37
90 92
67 29
9 4
64 9
72 68
17 38
3 42
41 44
67 51
87 28
35 67
89 35
38 52
50 52
68 4
21 82
32 67
18 95
5 10
84 27
36 13
31 8
65 24
41 27
66 23
73 65
97 47
20 3
38 94
10 75
34 78
56 79
16 45
3 93
54 57
78 89
19 51
33 16
66 17
4 29
26 48
41 53
80 21
50 78
42 25
88 98
2 42
73 17
81 52
61 67
64 35
86 15
92 10
4 49
99 69
36 63
39 14
32 5
95 52
27 77
4 59
64 11
9 56
9 1
77 22
93 7
17 8
97 79
48 88
62 40
21 36
70 76
23 11
19 72
66 64
71 70
15 7
80 8
10 97
5 47
4 40
12 77
56 42
5 61
45 59
15 45
58 67
22 54
76 89
75 65
38 76
46 40
65 87
9 83
82 58
78 94
78 16
22 55
9 50
95 18
75 97
49 46
25 3
85 53
57 39
63 21
5 60
57 67
27 64
55 37
65 61
25 51
24 74
25 3
28 60
43 83
65 24
41 74
79 8
41 50
83 98
54 80
69 27
63 43
59 11
74 21
25 98
45 62
86 72
48 69
59 17
57 89
93 86
91 66
89 17
96 27
60 83
69 98
18 37
30 5
48 100
24 98
37 96
95 97
67 49
95 99
34 5
25 18
41 55
82 35
39 21
51 75
33 44
43 76
34 32
94 97
61 8
36 36
100 8
64 73
1 88
32 89
91 89
6 73
59 53
67 78
52 67
81 22
66 49
20 19
20 95
59 57
31 61
13 16
70 31
69 94
33 15
83 49
12 91
30 79
63 98
79 99
36 84
55 88
44 85
65 20
57 37
17 25
66 93
50 77
27 42
89 18
41 15
66 6
99 88
33 2
62 87
64 62
62 40
74 67
97 95
10 67
88 3
88 84
81 36
87 78
59 69
12 49
74 78
44 19
61 29
16 3
96 90
47 67
62 20
29 29
58 33
18 77
19 12
97 16
62 30
76 85
73 78
7 56
17 65
2 25
34 88
23 10
11 78
9 51
53 25
96 52
36 43
76 52
50 9
61 91
41 63
83 89
33 89
34 14
79 5
57 12
22 32
52 11
58 69
3 18
87 5
46 75
21 67
8 62
35 55
15 76
14 31
8 43
21 19
59 72
11 11
79 12
70 17
85 88
7 11
91 86
23 10
83 79
9 76
22 56
56 35
53 75
67 29
34 25
26 47
15 45
44 25
51 22
53 15
45 55
2 73
96 67
32 69
10 93
56 26
72 91
33 93
99 84
39 60
1 30
53 2
72 31
54 90
49 49
94 56
80 38
23 77
96 67
13 92
14 19
57 41
52 93
56 89
99 83
5 75
1 84
61 83
38 52
54 37
38 82
9 3
66 73
90 45
29 13
50 1
81 94
45 17
9 38
34 87
45 42
83 36
2 78
26 95
86 27
6 9
9 86
74 46
46 25
81 73
31 7
82 78
36 61
22 56
92 59
83 61
17 62
71 1
96 41
25 21
8 54
62 5
32 23
20 29
80 43
76 34
93 97
4 50
3 84
8 19
9 82
27 34
53 32
2 38
73 20
51 4
85 39
30 46
29 97
46 91
31 29
32 3
52 85
90 86
97 67
21 10
25 83
28 30
44 16
29 63
16 100
49 73
91 29
64 69
86 25
69 43
72 37
78 3
93 50
44 29
33 18
77 83
76 68
47 69
51 65
36 4
24 43
74 74
19 85
77 51
76 31
86 60
18 99
34 85
93 1
73 49
70 24
22 69
12 85
17 66
56 52
69 83
65 49
84 43
33 70
81 45
16 68
70 8
81 71
60 25
76 52
87 19
68 55
78 38
63 54
56 72
24 36
94 37
39 48
48 93
40 72
56 55
46 63
88 88
55 7
26 52
98 27
22 20
84 99
26 75
28 26
91 31
3 42
83 49
87 11
82 30
94 38
34 27
30 88
45 8
20 59
10 93
59 81
92 69
77 9
7 92
96 67
19 67
40 79
23 11
4 94
14 95
22 51
19 68
90 52
48 84
79 100
14 55
39 59
61 73
51 90
45 53
83 62
85 88
31 69
47 16
94 98
70 29
74 13
24 90
56 28
4 53
10 71
17 19
58 66
41 5
21 1
8 35
1 54
85 27
83 16
95 66
36 58
83 64
96 71
35 82
45 92
35 31
50 55
41 68
57 73
23 8
94 83
77 10
52 96
3 97
15 84
97 14
89 62
33 38
39 50
7 97
68 96
23 75
4 78
50 37
14 42
17 26
90 16
53 46
38 38
59 77
76 15
80 20
9 85
8 36
74 30
70 79
58 62
75 89
76 29
69 88
78 77
33 52
75 98
85 44
8 33
98 22
86 58
5 47
100 55
89 56
53 30
76 98
20 8
21 38
22 12
35 9
26 3
78 12
27 52
19 91
22 70
88 98
12 38
24 65
86 42
64 1
79 30
63 28
16 85
25 100
39 15
60 41
51 64
82 64
24 51
79 42
43 32
53 37
57 34
62 98
6 72
66 92
6 12
40 34
67 53
37 36
68 14
35 26
73 54
43 27
56 77
66 28
54 79
31 27
83 98
29 76
43 69
30 10
71 28
7 94
78 75
53 88
28 92
46 84
70 66
6 36
65 98
89 86
1 58
52 20
53 83
51 33
64 13
85 63
38 91
95 42
97 38
12 1
71 91
25 11
45 66
61 19
9 78
15 13
53 31
44 65
3 10
31 10
100 36
61 74
78 93
27 37
94 96
15 67
64 82
16 8
4 3
65 100
48 97
46 52
3 38
65 68
38 53
29 1
38 31
32 99
70 46
10 56
61 43
64 2
1 68
75 24
72 27
96 27
58 18
26 97
77 77
56 76
44 47
77 10
48 94
72 69
23 53
53 16
43 9
35 38
29 1
89 40
25 44
22 26
72 55
60 20
79 12
23 88
44 27
5 40
28 88
43 49
32 96
2 12
95 78
67 50
7 39
23 62
52 94
4 79
40 86
76 35
56 9
43 90
57 88
5 9
77 28
9 39
51 54
6 91
56 32
83 98
92 12
91 50
38 51
18 28
19 81
96 71
91 87
95 11
100 72
13 80
96 4
74 79
93 50
12 47
55 29
29 2
39 25
55 65
76 51
6 2
85 54
40 87
19 11
14 10
4 77
19 32
5 10
37 99
58 11
71 32
42 88
49 38
41 78
40 49
4 40
51 69
76 45
55 94
66 89
71 87
59 95
98 44
96 16
86 78
83 66
87 9
40 17
70 62
79 20
85 19
61 57
74 19
47 24
65 19
22 15
81 13
84 71
71 3
4 52
7 39
19 60
75 14
23 58
26 51
9 17
15 96
75 30
58 60
68 24
50 85
22 18
33 93
24 92
87 52
3 27
20 61
29 98
55 54
22 51
100 84
67 52
32 56
74 4
2 55
28 88
49 12
75 51
44 50
64 97
35 42
30 61
43 25
17 12
67 24
54 37
88 31
1 50
41 100
17 95
89 66
83 59
85 55
95 98
40 34
80 9
72 26
36 59
76 73
77 53
7 53
76 75
99 79
30 28
95 60
61 65
89 39
11 76
22 57
74 4
63 56
4 2
89 70
53 90
16 4
70 7
96 67
60 87
65 78
24 64
65 21
40 22
84 6
4 10
35 30
69 35
100 47
21 84
86 91
95 9
91 89
24 41
69 91
4 29
91 13
13 97
37 72
78 50
15 10
82 12
20 64
23 61
41 46
87 9
90 17
80 91
24 8
60 65
89 63
55 88
21 1
16 53
33 78
25 59
57 62
31 2
19 55
2 65
55 4
76 12
82 79
79 99
16 20
43 31
87 76
67 98
29 14
2 91
57 86
15 60
19 17
65 66
68 64
67 71
100 22
46 69
56 19
87 70
65 53
58 42
27 53
77 91
37 22
70 80
69 46
54 70
68 76
15 88
83 96
58 10
51 12
39 88
8 31
21 32
96 16
13 3
99 36
11 64
63 72
56 91
75 62
27 37
78 20
44 6
53 10
19 94
59 77
94 13
38 23
46 40
25 46
59 81
28 6
13 75
84 78
67 27
54 65
37 90
5 56
83 92
76 46
31 31
25 23
98 66
90 3
16 43
46 67
48 1
18 27
97 63
30 46
34 68
1 18
62 20
86 1
96 54
5 84
86 54
13 94
50 6
4 93
53 71
45 87
3 64
18 16
27 95
3 22
99 48
2 38
41 77
61 79
67 69
30 25
75 80
75 30
60 12
7 65
43 52
32 9
22 87
7 33
24 34
21 63
21 47
23 45
86 98
27 58
15 37
76 97
2 95
10 53
67 100
16 8
58 47
8 74
5 70
16 6
90 37
84 32
4 22
41 39
16 61
10 94
32 58
34 85
32 56
42 76
82 54
72 8
2 19
46 24
2 92
60 70
66 75
67 24
60 51
79 99
16 60
62 16
44 41
14 92
50 31
30 34
62 89
3 69
89 17
11 99
88 23
8 36
7 75
42 9
87 8
88 10
25 5
89 24
4 30
17 13
59 52
91 51
100 37
5 44
35 96
87 46
69 70
74 89
91 95
15 6
78 60
35 12
43 52
98 23
100 63
46 48
94 100
63 18
45 58
48 2
85 49
47 63
3 46
28 2
44 17
98 80
52 94
29 72
71 51
73 71
98 46
24 31
60 14
82 2
51 77
15 12
57 79
35 62
54 55
38 81
95 68
2 64
13 62
66 91
66 27
73 60
3 65
53 84
6 21
87 89
42 41
57 58
19 82
82 66
65 17
33 38
57 65
54 5
30 57
99 22
28 78
55 19
48 8
92 4
9 94
53 31
10 11
78 78
84 64
36 17
61 6
98 78
29 85
41 37
46 7
34 24
13 2
29 39
6 27
51 63
95 39
46 41
29 70
44 21
32 80
32 21
75 20
83 23
23 62
75 78
7 7
54 37
64 52
24 33
30 13
31 42
80 99
100 98
9 56
15 41
60 97
72 14
96 70
46 55
24 6
91 49
23 59
63 80
75 7
94 8
19 2
65 90
34 87
28 81
57 29
6 5
54 85
42 51
50 98
18 82
63 50
61 28
49 49
57 79
74 80
41 70
99 6
3 100
76 46
49 29
74 54
69 34
88 29
45 23
97 25
92 36
24 18
40 13
90 48
20 15
33 39
59 54
43 65
10 20
89 31
44 26
79 10
1 63
41 71
65 95
56 8
39 90
72 22
33 27
35 31
48 98
5 64
18 74
6 31
97 83
59 17
38 13
47 32
82 30
54 70
53 76
59 41
45 98
10 81
84 33
16 28
92 72
83 18
55 5
92 68
69 62
45 31
5 16
82 64
28 87
94 95
39 7
26 69
81 72
51 71
3 87
84 97
31 33
87 54
1 84
36 88
7 51
72 10
97 11
14 52
78 41
59 38
69 77
66 30
89 69
31 89
1 8
23 24
65 87
69 37
31 38
25 97
69 76
39 87
1 7
13 52
1 12
94 52
65 65
99 23
98 12
29 51
60 71
78 43
43 18
56 100
39 37
30 83
16 20
73 94
20 54
38 66
34 24
45 17
16 3
15 99
63 34
30 15
30 35
14 89
1 93
5 16
34 74
74 17
64 83
83 98
78 80
5 2
35 17
26 28
86 70
41 81
34 49
96 23
42 86
98 68
39 83
89 5
70 68
16 83
65 63
61 58
49 49
82 65
67 83
22 9
51 6
47 4
39 42
74 71
54 12
3 57
15 17
10 55
87 89
70 33
6 63
93 10
17 45
9 60
13 32
9 52
63 51
74 82
5 89
26 10
17 97
46 28
67 57
28 80
94 16
36 68
39 19
4 71
51 82
41 37
3 75
1 82
37 15
76 1
96 1
80 58
71 43
39 95
58 92
29 89
64 11
72 39
31 61
20 74
14 40
20 44
75 39
24 48
58 66
7 39
78 97
12 53
60 21
76 89
48 72
6 96
57 26
75 83
41 91
66 27
92 21
68 18
61 7
15 33
24 45
13 3
6 89
46 18
78 37
37 55
89 51
69 39
72 27
97 72
28 91
77 94
53 36
6 96
90 75
42 94
5 8
62 1
46 10
88 60
33 35
22 79
50 67
82 37
21 52
86 96
72 52
39 5
21 16
1 46
29 45
53 30
29 93
97 30
6 52
75 89
45 15
7 30
58 39
21 64
27 85
46 66
28 34
63 86
89 42
34 35
35 34
50 67
95 6
4 97
9 36
60 63
60 80
26 42
72 91
61 53
49 62
25 44
6 46
67 20
43 8
95 11
43 14
86 74
10 44
23 61
77 8
8 59
95 10
79 5
80 7
88 18
33 97
31 2
71 48
98 26
24 4
1 13
73 73
85 2
50 29
66 97
50 56
34 68
7 59
64 93
18 2
29 13
81 38
70 93
73 91
74 72
2 28
45 12
65 3
94 48
48 78
71 92
23 53
49 17
84 74
33 11
18 24
18 100
58 42
7 65
95 66
47 4
86 14
60 65
34 13
54 43
3 89
78 61
14 29
43 10
63 45
76 68
76 76
77 59
10 81
58 85
34 87
97 6
54 100
19 8
60 67
97 70
20 64
31 86
51 62
92 6
75 77
28 77
55 73
29 9
17 68
98 96
3 1
48 81
6 5
51 63
89 44
70 97
73 44
99 90
87 96
78 5
11 83
97 78
97 8
32 60
64 14
6 96
58 13
9 61
49 46
85 73
75 29
81 47
86 74
33 24
44 89
52 78
18 13
28 85
78 59
37 94
44 99
23 44
50 48
42 38
97 64
23 68
30 24
74 85
49 100
39 85
73 79
10 5
13 92
79 63
72 11
80 61
80 85
43 87
4 31
49 24
7 89
34 47
17 86
25 29
55 77
78 62
47 77
95 47
30 2
31 23
53 9
84 11
74 34
28 19
18 90
97 30
32 25
71 88
50 88
66 97
62 17
93 98
72 89
26 46
85 69
22 46
11 28
1 41
85 70
40 57
96 93
51 81
99 55
17 89
33 10
32 61
76 48
60 84
35 56
58 40
71 92
99 34
3 77
67 75
22 51
11 48
93 99
45 40
21 80
56 25
16 47
33 46
67 10
64 79
59 26
52 10
75 90
5 82
21 25
92 64
74 76
30 97
1 42
71 75
21 76
66 33
83 51
55 36
4 68
99 51
100 47
86 52
21 67
83 76
88 46
66 12
57 12
53 23
45 38
98 32
92 79
39 29
54 91
78 18
19 52
95 40
60 84
81 70
41 17
10 17
83 2
98 30
87 46
46 41
11 14
14 54
75 95
24 38
24 42
28 47
89 27
68 58
26 66
55 98
62 41
53 70
81 33
72 11
83 65
45 61
3 66
88 4
66 32
3 57
21 96
46 29
53 79
95 100
35 53
4 46
31 98
52 36
32 92
38 32
87 58
44 22
15 41
65 29
46 65
76 43
86 100
89 43
46 31
18 88
64 29
2 68
52 72
25 54
48 88
16 82
17 45
12 49
37 41
85 40
36 15
88 19
86 21
51 75
61 89
68 39
49 22
36 59
59 73
5 20
33 65
35 9
39 31
29 25
82 56
17 22
80 60
72 18
47 30
13 82
37 1
13 59
17 49
53 76
6 57
91 38
23 2
93 3
67 82
49 4
36 22
32 65
46 70
15 35
9 18
11 85
70 52
40 56
57 82
45 83
86 73
34 94
62 34
43 93
88 30
89 36
38 97
94 22
63 68
59 20
15 29
38 80
48 77
50 86
10 45
49 20
73 36
45 55
92 7
98 77
9 99
43 24
82 74
72 96
69 11
14 86
17 29
66 78
19 5
89 17
79 31
79 100
93 26
21 88
81 51
74 71
36 63
18 1
43 6
86 40
99 2
9 45
7 88
93 69
69 21
94 25
74 45
79 28
14 2
12 15
64 80
45 86
68 19
3 39
32 69
72 98
85 24
55 70
82 95
16 12
41 61
72 8
75 74
98 49
65 60
93 82
18 18
30 32
24 92
48 74
70 36
73 58
89 99
45 81
22 95
28 47
68 23
100 32
23 83
2 15
80 96
77 59
55 48
3 41
91 65
88 66
94 90
56 35
57 74
72 53
2 52
42 38
37 12
53 95
32 30
95 84
65 7
48 64
45 87
27 21
2 30
74 74
83 51
54 83
4 26
71 58
25 38
38 33
74 1
49 17
31 12
79 36
91 12
12 10
62 86
18 34
31 66
38 64
8 35
32 23
13 4
94 22
77 41
37 55
57 27
31 67
31 32
31 23
14 1
87 82
55 59
25 95
18 45
83 36
14 33
76 4
71 81
99 9
19 10
97 18
51 3
66 92
10 96
3 37
14 4
4 29
44 27
45 98
20 58
95 82
19 19
16 84
22 43
73 38
86 8
35 62
75 61
69 97
33 30
58 5
68 90
42 96
42 97
56 73
85 68
83 63
44 81
60 40
46 96
77 14
29 10
80 20
80 15
57 27
89 22
20 11
39 86
85 65
99 59
76 54
51 88
40 16
62 77
67 99
70 3
13 91
67 7
37 9
71 54
22 93
56 96
53 40
97 30
1 33
77 17
52 89
70 88
31 83
78 17
33 97
93 41
19 59
77 47
95 38
34 59
34 5
92 100
66 49
61 35
55 10
42 32
66 63
55 17
12 63
32 69
10 61
43 88
93 52
96 1
40 54
5 38
64 48
50 28
40 63
64 93
37 40
87 1
73 50
62 63
62 98
25 88
49 18
61 28
31 87
60 45
11 2
55 100
40 70
16 63
86 94
54 94
19 53
81 59
61 87
78 24
46 71
71 79
66 27
2 92
2 25
62 73
66 14
100 36
16 99
77 49
20 88
2 72
39 35
35 97
36 81
57 18
12 41
76 69
28 38
67 12
40 54
31 39
85 27
39 46
82 86
9 77
71 94
52 78
6 29
1 20
30 33
59 7
93 94
38 23
79 74
60 8
63 2
47 18
89 18
16 69
78 74
91 14
3 60
89 78
36 60
94 18
41 87
33 51
53 25
79 67
73 38
68 96
21 76
71 90
90 70
6 54
56 86
48 38
79 55
27 73
3 79
37 66
88 12
10 88
50 43
93 51
46 49
64 24
62 16
6 56
62 60
28 53
50 49
12 11
31 10
33 48
28 39
30 52
1 98
31 34
19 100
24 23
5 96
42 32
28 88
76 76
43 76
82 32
78 28
17 76
68 93
66 42
80 95
52 21
28 89
94 15
92 44
71 45
44 25
68 34
76 91
40 29
50 54
8 12
68 100
9 67
7 3
46 47
13 26
75 59
71 29
29 17
31 2
14 16
89 42
66 28
19 94
25 3
35 40
77 39
9 43
87 62
22 91
48 28
20 81
18 85
47 41
100 66
95 85
65 31
59 50
18 33
1 99
80 6
52 83
100 71
26 56
72 46
26 1
19 70
16 58
11 80
73 28
24 32
27 12
46 65
62 7
97 45
86 23
67 5
57 50
64 95
83 97
91 7
77 46
24 54
46 100
94 36
75 1
25 53
68 73
96 75
10 6
22 26
82 13
62 88
31 59
98 66
7 53
96 56
2 3
9 47
16 14
41 34
26 31
6 94
94 2
92 34
61 83
42 8
83 78
94 49
29 50
54 77
39 34
4 68
55 30
97 31
51 29
2 38
4 22
49 22
80 86
2 87
85 55
35 31
39 56
3 7
47 69
26 44
11 86
58 53
93 12
7 45
75 61
75 26
76 17
40 8
89 93
70 33
53 71
45 1
51 93
21 36
27 86
78 26
46 37
21 48
85 34
95 58
22 15
5 37
12 22
17 59
85 27
7 29
60 100
34 77
94 59
85 33
77 31
14 66
83 63
90 40
34 75
24 69
65 10
2 48
19 58
45 67
72 8
29 23
61 36
61 76
53 83
64 3
15 62
61 51
31 78
36 3
38 28
54 25
73 25
88 71
99 40
13 91
55 77
3 11
37 32
94 13
3 12
27 75
49 49
80 11
40 55
65 74
62 47
64 70
97 72
69 82
35 74
65 58
33 23
26 18
91 58
33 54
95 99
18 33
68 93
5 28
8 68
17 41
49 13
92 18
71 98
32 67
5 90
40 92
7 44
28 1
61 84
72 8
81 15
68 85
69 63
2 81
1 57
69 67
43 37
6 45
50 6
64 3
13 86
55 67
21 20
100 88
64 88
74 28
57 82
32 48
2 59
61 8
7 19
87 29
49 72
92 19
62 2
98 50
48 12
99 84
26 24
43 24
59 88
80 54
31 37
42 61
47 4
2 100
12 30
82 91
6 65
78 39
96 75
87 83
77 68
57 78
69 44
53 63
42 100
40 66
22 14
94 22
5 55
14 15
100 85
3 93
93 23
74 13
4 86
99 40
45 29
63 40
2 47
13 65
60 24
66 72
73 61
57 50
27 46
19 20
79 65
54 77
62 12
40 51
34 99
35 96
19 100
74 77
26 50
29 36
55 45
13 15
3 71
4 76
60 48
56 55
32 27
30 23
86 75
80 90
90 28
80 62
43 93
63 87
51 33
79 75
28 74
89 10
71 46
73 51
16 61
94 24
92 28
86 24
42 77
58 36
11 9
73 15
25 25
53 60
84 62
91 64
31 100
77 2
73 79
51 87
77 27
66 13
46 59
24 76
13 79
45 44
79 97
100 42
48 48
58 10
44 48
44 70
86 77
100 52
61 71
81 17
9 70
38 28
55 18
7 98
18 27
84 7
54 96
19 21
2 97
62 28
2 23
99 76
23 29
95 42
88 63
97 87
20 59
88 61
12 1
4 77
66 81
82 83
25 100
4 16
50 72
16 57
39 50
46 39
49 82
21 16
79 97
82 62
21 97
22 84
12 17
51 36
34 51
33 39
98 71
18 5
6 36
66 99
41 47
88 70
38 26
90 35
23 5
50 69
34 38
9 60
57 36
39 26
72 76
55 26
1 35
6 29
54 41
96 38
7 48
37 42
48 96
19 62
92 15
59 58
10 22
45 85
78 47
34 49
32 13
63 74
15 10
21 69
74 82
8 1
88 77
46 20
64 77
18 72
91 92
42 90
77 42
38 59
91 61
16 97
22 62
59 12
33 49
64 41
8 73
20 30
56 55
61 19
61 44
88 89
22 97
65 46
12 34
19 68
67 18
39 26
85 6
52 20
39 15
62 30
45 49
86 87
85 32
94 80
99 10
55 41
81 72
12 70
42 87
81 5
37 39
26 45
100 90
99 96
22 84
60 29
30 88
53 81
68 38
33 86
38 19
24 46
76 55
93 30
62 86
41 12
17 86
83 38
18 5
75 58
98 61
41 25
97 73
30 26
56 65
62 84
80 46
64 23
76 10
78 3
89 74
24 41
57 56
38 6
9 20
66 59
76 37
77 90
35 57
86 13
19 72
17 46
33 35
7 27
75 91
57 89
28 44
78 49
20 1
7 37
45 18
85 42
37 53
95 11
68 72
80 16
37 13
66 49
8 55
83 4
90 32
21 50
75 49
8 11
81 68
80 100
100 73
17 6
39 8
77 42
67 55
6 23
11 94
5 84
29 81
75 80
80 51
72 72
36 44
40 62
53 66
44 64
86 41
88 6
52 77
81 72
86 95
68 82
2 52
91 83
80 6
97 68
90 90
57 52
77 51
7 62
37 60
13 39
100 84
53 73
15 58
83 32
22 17
80 88
98 58
92 78
67 72
4 6
23 75
28 10
97 45
61 89
100 87
3 49
7 13
22 63
15 53
53 18
100 76
91 79
96 49
65 81
14 26
18 11
29 4
21 27
24 70
7 50
74 97
14 23
41 58
96 28
99 57
49 37
81 90
32 69
18 83
57 95
75 6
88 68
31 55
71 9
38 78
72 27
85 23
48 15
38 65
38 11
2 91
40 89
3 87
92 97
54 16
36 36
79 46
65 36
68 25
40 74
23 95
85 39
98 74
49 49
87 16
67 73
6 41
47 63
35 84
18 11
18 11
40 100
94 12
13 86
60 86
81 62
31 5
89 35
99 47
69 83
8 75
73 34
21 40
22 63
66 90
38 65
40 63
56 35
22 58
37 58
10 78
17 77
89 70
83 8
92 75
56 10
61 56
65 50
95 62
39 56
15 29
10 51
80 59
21 55
10 9
39 47
17 16
51 47
16 66
80 37
27 91
70 71
70 22
34 7
42 45
14 51
62 94
98 51
65 51
52 67
98 69
97 10
25 26
2 11
72 47
94 51
50 22
21 1
78 3
48 43
3 43
57 97
16 24
68 15
54 68
96 26
78 54
75 4
91 6
61 32
33 37
51 23
78 5
38 100
29 40
70 97
23 97
38 7
94 4
19 65
25 43
9 21
95 51
48 43
80 13
75 38
85 40
30 83
2 30
55 22
68 59
3 80
66 33
84 11
33 93
23 25
86 64
58 80
53 98
61 83
83 76
59 78
50 82
21 57
10 7
27 98
72 65
56 70
40 88
2 29
26 76
7 68
19 61
48 97
65 96
8 31
65 25
25 16
33 75
11 38
42 58
73 78
5 62
34 38
56 56
25 69
82 38
50 3
39 4
74 95
15 38
41 81
30 62
43 41
91 4
99 74
62 36
35 1
95 97
64 90
12 64
82 58
9 69
6 69
85 37
1 2
50 70
94 73
21 38
23 2
39 45
32 81
59 64
73 86
38 35
32 44
99 67
94 87
29 88
53 70
31 31
62 60
100 72
45 74
36 70
29 76
63 1
66 89
78 6
78 56
29 48
51 23
33 76
96 89
9 99
70 28
25 65
91 55
14 65
94 95
72 74
6 52
75 66
51 3
64 58
14 76
15 40
57 79
13 4
85 36
23 60
35 55
55 30
70 76
29 48
67 17
99 27
41 42
84 16
48 96
41 62
77 26
73 93
27 41
99 37
86 68
37 93
49 64
33 58
10 93
64 51
50 56
49 52
50 24
90 24
61 26
14 54
92 94
16 33
18 84
27 40
54 39
18 5
84 91
12 79
54 64
32 21
40 47
40 32
80 1
12 94
1 73
94 28
25 93
18 29
40 27
34 72
91 96
74 42
61 54
24 97
99 70
85 30
33 51
18 43
51 87
33 32
70 9
47 26
22 6
75 13
46 58
18 40
95 77
7 64
45 25
39 99
56 64
79 6
19 91
30 16
6 23
74 31
80 84
73 61
75 57
77 24
51 74
20 71
30 35
3 49
74 39
60 84
22 62
66 91
23 11
14 23
3 15
89 84
80 48
4 56
11 1
15 80
75 63
31 10
21 92
43 20
3 16
32 15
85 40
8 27
54 61
20 88
17 93
93 29
25 84
33 9
11 46
11 72
12 91
25 45
78 9
35 92
83 23
81 1
48 72
25 61
87 8
59 23
76 100
2 7
62 82
62 91
42 95
71 85
22 31
14 53
39 90
75 54
57 42
80 1
88 82
54 77
71 65
66 91
23 6
14 53
37 21
79 59
30 14
62 43
48 5
31 77
43 6
36 68
86 81
34 54
27 29
44 58
56 58
100 88
94 46
3 11
39 92
59 97
46 30
19 83
61 60
39 20
28 44
71 95
99 99
93 36
37 10
73 64
50 5
61 57
30 79
39 75
54 36
90 90
21 45
74 43
28 64
61 73
47 84
56 49
65 59
94 36
67 95
88 45
2 26
33 24
12 79
40 48
59 10
23 9
86 83
7 89
5 24
37 63
21 97
46 73
94 7
23 62
99 79
74 69
4 81
59 57
14 46
45 36
30 74
49 32
38 57
28 57
51 41
9 22
2 71
60 39
63 77
2 72
18 67
42 83
21 26
29 55
94 46
7 60
78 15
99 85
30 66
80 27
80 73
24 91
78 64
93 76
59 15
3 28
21 77
47 96
52 97
6 56
99 68
21 94
14 79
72 12
84 7
66 13
19 38
68 41
88 72
51 21
62 35
86 75
41 77
32 85
6 25
65 75
96 20
69 34
34 42
81 61
33 27
8 88
8 33
25 21
70 38
10 98
37 98
64 50
2 34
91 29
6 61
68 64
37 32
92 81
29 100
35 10
86 88
20 26
15 85
56 33
32 69
2 15
62 13
90 3
94 100
60 66
26 47
53 100
36 2
91 58
27 84
35 1
14 60
17 77
81 17
9 30
51 91
27 96
77 66
72 62
78 19
38 80
40 89
58 94
85 54
48 50
49 98
3 14
71 40
40 57
85 49
47 39
87 23
83 28
57 75
8 5
8 55
24 1
8 76
64 26
80 27
71 68
98 91
31 54
31 99
14 73
41 20
10 10
39 77
35 41
14 65
52 69
91 50
87 46
75 8
64 8
85 86
71 36
73 42
58 71
51 46
24 64
13 32
94 91
8 82
89 8
16 74
2 78
61 7
54 73
10 59
60 72
13 62
59 8
5 78
69 2
65 28
19 76
59 26
61 23
97 36
14 72
44 79
15 100
78 92
30 63
53 60
79 77
38 14
66 3
13 17
25 40
94 42
44 55
99 77
66 66
31 80
68 98
59 52
41 23
62 71
35 30
3 9
22 45
24 14
93 76
2 28
8 20
93 83
89 65
9 13
20 48
5 98
63 49
6 35
90 63
40 62
77 53
17 5
28 28
88 65
85 99
63 27
2 45
7 13
73 40
38 69
67 37
52 42
48 89
35 45
19 91
26 17
38 36
46 7
74 86
80 31
24 83
18 90
93 22
68 52
46 48
53 53
97 40
43 82
23 7
55 4
48 93
23 30
91 85
87 22
93 3
94 8
58 10
79 96
91 32
9 1
18 88
1 43
70 28
4 85
69 72
3 87
93 43
52 69
45 24
67 8
17 23
3 4
44 4
35 89
86 19
99 81
11 14
12 13
83 82
67 6
11 6
46 6
34 12
100 28
8 22
43 16
48 8
13 58
23 13
62 73
19 14
15 7
42 76
7 79
42 67
36 23
5 91
6 10
2 98
3 12
80 53
39 41
52 27
51 72
15 30
64 23
90 70
26 77
24 92
49 66
78 34
87 82
45 88
7 13
91 78
43 45
70 78
97 16
80 67
74 80
47 27
31 33
74 34
12 95
97 44
5 12
73 38
89 73
100 98
52 51
1 90
81 94
37 54
59 14
11 66
98 26
96 23
26 71
81 36
100 10
79 98
45 86
21 91
48 27
73 29
20 53
93 38
5 36
55 67
75 85
23 76
61 89
63 70
1 82
26 9
34 91
50 48
53 34
6 35
78 50
88 5
91 51
87 20
10 28
6 89
28 16
85 52
5 9
71 69
29 93
34 31
59 15
49 90
78 54
14 37
2 61
99 90
98 8
69 83
98 24
98 62
94 15
82 57
86 58
90 8
67 60
61 90
43 91
10 13
94 93
62 15
67 77
26 37
95 64
29 5
8 96
3 4
23 22
51 2
5 21
81 28
44 33
50 80
10 99
12 24
99 65
55 90
94 10
15 72
63 23
31 98
68 1
27 43
41 38
62 7
70 16
70 10
74 43
5 12
9 63
60 87
33 2
70 52
48 89
22 86
31 53
93 39
70 52
98 77
83 93
1 86
78 23
46 91
88 25
89 66
4 41
85 1
15 24
61 65
34 13
26 69
26 9
6 21
77 33
86 53
49 22
98 57
22 54
85 3
1 49
54 47
85 48
80 91
19 37
95 88
19 28
62 60
46 97
72 39
45 25
41 77
83 82
68 80
29 37
97 33
96 94
91 88
13 96
46 28
62 54
2 22
78 23
80 22
63 41
62 90
79 65
64 48
78 80
82 19
15 29
97 20
37 34
3 58
84 65
79 77
22 43
66 86
63 56
36 45
41 95
13 3
12 23
94 14
10 37
59 23
68 53
4 63
5 59
10 12
14 97
66 65
84 99
23 17
3 7
95 70
93 66
35 97
100 17
26 55
90 70
89 44
63 64
66 61
59 6
72 51
61 13
22 77
6 38
3 89
23 50
71 47
49 68
49 59
60 35
54 93
47 2
77 66
87 31
3 79
27 36
41 23
59 60
36 78
14 23
77 63
91 55
87 5
59 2
57 47
13 97
37 21
31 98
10 73
5 53
84 36
12 18
36 31
89 76
58 57
16 11
48 63
87 12
56 55
15 60
21 22
67 34
88 65
45 22
54 28
37 100
24 21
33 45
45 81
61 86
95 97
50 21
50 73
1 80
98 22
3 48
86 3
17 96
93 66
4 23
74 90
74 66
4 28
84 77
50 49
37 23
47 72
48 33
89 60
57 65
69 89
73 45
11 44
76 82
53 86
7 44
77 47
7 67
20 26
24 5
80 72
66 67
57 66
33 12
91 23
52 19
27 78
44 79
36 44
20 96
49 41
51 58
83 77
86 47
61 40
87 45
82 65
50 16
91 18
33 52
92 65
34 64
10 52
23 28
68 70
73 29
32 62
59 24
17 35
4 19
96 76
16 46
29 63
34 82
42 95
26 51
39 96
96 41
53 39
59 53
98 17
8 69
43 74
33 75
33 64
8 23
8 50
31 42
37 90
23 7
59 85
10 3
27 51
95 91
21 86
12 47
36 87
69 23
55 8
36 26
55 30
28 21
34 58
12 6
26 51
18 8
2 16
92 26
52 42
1 47
68 36
59 16
75 92
32 84
32 30
100 7
47 84
41 3
41 64
9 51
88 47
85 45
18 8
9 5
96 31
67 65
24 27
11 79
83 84
73 6
32 1
54 27
12 48
51 27
23 12
85 37
89 21
40 18
48 35
70 66
34 28
27 72
3 20
68 1
9 10
80 10
13 59
80 52
3 26
100 82
26 68
69 19
100 22
70 81
57 25
26 71
64 15
12 41
41 51
90 41
29 95
73 20
81 29
92 21
77 40
99 76
90 84
53 7
41 98
69 88
82 82
58 41
65 93
3 92
55 9
99 34
4 42
60 15
54 52
46 74
58 89
88 46
28 85
95 60
63 14
3 64
20 26
2 4
81 59
98 15
27 35
2 92
73 64
13 13
53 47
66 19
36 40
22 99
22 84
60 3
44 97
1 96
22 70
85 64
27 98
8 23
17 49
37 36
62 38
73 74
21 93
4 9
82 33
76 73
42 23
83 62
19 95
71 53
31 9
1 4
18 17
81 26
95 5
55 42
24 87
74 36
62 32
14 57
98 23
80 23
98 33
52 36
25 79
37 29
29 44
95 99
33 82
46 29
5 62
11 26
4 82
96 68
9 11
64 67
81 34
81 36
14 30
22 84
86 55
6 13
23 28
89 72
89 1
84 59
46 90
95 46
25 74
46 52
14 31
65 95
24 54
19 69
19 22
53 42
4 6
58 82
41 35
21 59
55 14
26 18
87 98
77 26
3 46
56 91
66 37
23 33
28 36
44 9
78 50
70 64
91 61
61 21
67 54
12 11
81 26
73 52
97 79
82 16
84 95
13 36
33 20
25 21
55 44
45 62
32 58
49 86
20 87
9 65
93 13
63 12
54 46
41 54
11 93
92 62
9 39
11 49
25 53
39 75
91 5
10 66
76 73
33 19
98 7
88 70
98 21
70 30
83 69
35 90
9 67
68 18
2 41
27 79
91 51
51 54
42 2
8 29
58 26
62 64
66 40
70 5
52 41
70 84
4 67
43 51
32 20
98 67
81 67
27 69
30 47
13 41
58 81
1 88
94 87
42 52
30 70
19 71
45 84
4 45
14 19
58 21
13 16
74 78
100 67
88 89
35 10
30 51
71 89
76 3
24 34
27 9
9 39
39 47
41 28
14 59
25 54
24 84
41 40
92 84
9 79
55 94
63 66
63 67
71 32
1 63
81 36
34 50
7 61
37 56
58 68
63 88
50 31
7 46
43 1
73 85
47 56
19 99
17 68
59 2
94 68
15 29
89 71
76 90
22 68
10 61
70 81
72 88
7 29
93 86
94 57
13 74
49 24
13 93
74 69
7 79
47 8
29 92
87 66
26 91
65 77
64 81
38 26
93 3
52 79
4 32
58 68
60 93
90 63
48 66
19 36
19 43
53 61
66 63
73 59
7 20
14 78
49 40
61 59
100 87
39 8
53 57
39 72
12 10
45 5
60 63
11 80
36 94
14 91
18 88
82 87
97 47
88 57
30 31
61 86
7 52
97 12
5 10
76 86
40 24
80 73
86 73
82 15
57 50
14 2
26 79
81 4
71 55
53 34
73 10
80 25
13 41
41 56
82 61
44 34
37 89
63 28
74 28
44 40
96 26
32 51
95 84
92 18
63 84
39 33
59 19
13 10
68 21
2 100
79 80
97 98
96 73
2 54
2 38
37 50
63 49
91 86
21 69
38 54
47 97
99 73
28 25
60 2
65 10
86 41
10 34
24 95
5 31
12 59
35 46
93 64
65 87
25 100
57 34
21 45
57 69
81 86
40 94
9 44
62 19
54 94
83 14
36 77
75 10
100 9
1 11
30 87
45 14
75 26
90 48
12 46
16 2
30 57
67 78
35 23
23 29
33 85
94 84
74 62
85 80
80 77
96 12
62 89
30 90
8 41
52 15
82 72
6 69
12 94
9 41
31 71
84 83
41 77
46 57
46 79
62 83
10 28
8 81
51 19
15 75
61 6
57 56
43 63
47 78
69 21
30 97
63 85
49 13
52 19
100 95
89 50
75 13
57 23
70 60
62 31
67 56
15 25
54 30
25 74
12 60
91 91
28 84
47 67
8 81
74 17
43 33
51 91
61 19
84 45
39 78
62 47
57 16
81 32
15 63
73 88
66 89
16 32
20 55
57 2
77 58
56 35
82 32
2 37
77 36
64 58
98 65
37 37
16 11
28 1
42 15
66 53
25 22
61 15
61 94
47 49
70 14
21 18
71 48
71 93
69 33
19 85
83 75
28 27
14 83
25 86
1 68
72 52
44 62
70 41
81 66
13 62
89 46
23 40
54 41
3 14
78 95
82 13
36 48
1 36
64 94
6 74
79 37
13 87
27 51
88 65
52 83
65 34
44 21
30 78
35 92
50 3
59 25
87 24
80 91
38 26
59 84
73 79
73 8
67 95
66 85
64 32
76 95
36 72
96 49
30 8
75 56
74 40
30 73
80 46
27 80
56 95
19 58
9 51
90 1
93 87
3 55
77 51
4 15
10 87
23 81
63 35
16 39
87 34
52 86
60 38
98 97
42 75
79 92
25 7
90 57
72 11
16 13
87 81
69 57
73 18
16 29
79 35
23 97
10 97
23 93
41 89
82 83
27 72
89 73
30 100
39 51
86 45
28 62
10 52
58 8
95 77
93 16
18 29
59 58
60 48
3 2
42 55
10 18
72 20
50 51
25 99
92 29
13 7
50 71
18 5
97 20
33 17
48 44
22 88
76 77
56 39
67 28
96 7
59 32
87 67
62 31
22 3
8 73
48 94
37 18
67 61
70 32
62 30
13 95
62 48
42 8
59 6
73 53
93 13
77 32
74 79
14 76
91 74
75 85
55 51
78 54
48 14
53 10
25 67
56 50
97 64
85 5
29 48
68 96
43 46
38 62
87 77
81 46
27 3
75 100
38 56
8 96
60 47
88 19
14 82
95 36
56 83
62 47
10 24
9 21
61 8
19 81
34 91
61 56
45 92
67 29
38 33
41 38
13 72
62 14
76 4
43 2
47 39
59 88
45 85
10 66
83 91
1 69
82 48
26 61
2 65
93 14
53 95
38 96
55 1
32 61
40 31
78 11
85 83
8 31
5 23
21 93
6 51
100 65
8 73
4 62
38 8
14 20
94 8
88 72
19 39
59 81
69 52
32 63
53 23
38 33
53 47
26 65
47 17
12 13
60 28
88 47
48 25
67 48
48 75
22 46
5 96
73 16
44 90
11 46
84 6
42 21
28 86
64 57
33 18
1 53
51 69
59 44
78 26
50 69
84 57
53 91
74 33
67 27
63 77
40 1
64 11
74 52
58 16
83 75
18 40
91 21
72 24
49 9
41 41
31 91
69 7
31 12
77 31
8 9
73 44
28 26
69 74
73 81
89 8
11 16
16 5
2 83
39 7
20 36
62 51
80 43
22 38
38 13
10 80
77 39
25 43
61 93
19 38
6 65
52 13
58 40
68 74
95 90
56 47
63 89
53 52
29 90
82 7
91 91
80 95
39 38
48 96
25 99
63 24
42 87
44 52
36 80
28 81
56 62
6 49
40 63
1 42
55 70
6 36
86 46
16 64
25 74
59 60
41 34
82 32
43 4
40 53
13 67
78 83
95 91
70 73
29 68
90 27
91 55
95 45
57 25
90 11
54 73
87 28
42 79
25 63
93 25
28 97
86 80
67 42
72 76
65 47
11 38
47 65
54 40
40 21
63 88
68 87
69 68
31 42
57 32
64 68
37 12
70 97
79 31
73 30
55 73
16 93
72 68
11 19
11 57
94 3
98 97
84 93
2 64
36 47
38 47
77 20
56 99
84 98
67 62
90 60
89 86
40 93
36 70
26 48
58 10
70 98
32 32
48 15
68 35
99 56
95 16
56 16
63 50
60 5
27 77
45 37
9 63
70 66
20 59
62 16
28 39
65 22
69 34
64 100
73 40
98 45
70 56
35 98
23 29
88 33
14 95
33 41
56 36
92 76
14 63
60 31
30 7
7 61
35 67
83 37
60 70
43 78
28 38
53 2
99 100
26 88
55 25
83 32
40 72
12 70
84 58
100 100
1 13
27 62
92 14
84 87
73 14
59 47
73 32
33 32
26 57
79 62
77 72
45 78
9 56
49 31
11 25
100 22
94 29
57 46
70 87
66 14
43 55
88 46
94 77
87 56
3 67
12 64
56 68
2 8
58 96
49 62
35 36
27 94
86 63
54 49
35 69
83 60
6 86
19 64
34 81
53 34
17 52
85 72
91 17
13 98
52 60
32 94
45 64
51 50
12 49
47 84
68 85
87 33
46 58
38 10
77 40
50 65
88 82
15 9
4 81
71 69
79 22
49 22
80 16
10 18
20 54
10 32
86 84
10 27
52 46
15 51
73 88
56 56
43 7
56 41
62 81
94 22
30 55
84 57
60 96
4 14
61 21
57 54
71 63
59 62
15 43
99 90
79 67
24 28
6 4
16 9
29 22
39 90
100 28
64 14
44 83
16 42
93 29
71 34
36 3
50 53
41 78
54 55
23 24
6 35
27 51
87 79
39 52
39 17
13 43
1 17
6 46
57 41
15 79
46 38
12 34
50 2
87 63
11 25
4 33
13 10
21 28
6 17
96 35
65 66
80 88
62 34
45 78
37 39
28 13
60 7
55 31
58 13
34 60
42 70
3 45
99 48
45 42
46 92
96 56
20 46
70 21
56 33
14 54
53 40
18 43
77 70
91 24
6 38
68 74
73 28
32 53
64 92
90 80
17 3
80 51
46 66
18 74
53 67
75 13
18 36
62 20
66 83
70 41
82 43
3 72
5 93
100 98
91 68
4 80
8 29
7 58
66 21
49 86
26 77
79 73
99 47
66 20
52 93
57 73
84 98
13 29
74 39
3 82
100 26
39 30
45 8
51 96
45 88
31 60
18 34
75 61
88 73
19 53
82 29
42 69
93 96
5 95
25 69
46 23
31 16
20 1
76 35
27 67
81 61
54 40
28 88
35 77
99 88
83 8
33 13
79 44
76 98
2 88
20 79
85 21
48 88
44 86
84 95
43 88
18 7
30 25
36 55
15 71
84 47
94 8
25 100
47 27
12 94
63 15
64 56
96 58
79 12
97 87
16 8
70 40
81 42
23 91
37 24
32 61
81 25
1 1
76 45
33 21
41 1
19 16
61 100
64 19
65 31
6 4
50 8
42 46
44 36
100 56
14 91
72 63
82 75
25 75
69 90
51 97
41 79
43 29
92 66
6 38
46 30
4 67
77 48
83 81
15 48
9 56
23 16
18 48
26 14
37 89
55 76
72 12
30 70
33 89
20 40
13 74
67 38
32 84
11 19
55 91
52 72
79 52
14 6
7 33
22 39
75 44
71 87
90 42
89 70
32 44
17 28
13 3
12 50
54 18
27 12
30 51
98 27
53 63
71 22
13 86
93 56
71 63
92 10
9 56
15 18
69 97
22 80
73 43
59 76
10 83
16 84
94 45
49 53
35 24
80 15
47 60
42 45
11 8
100 26
50 2
98 14
19 82
14 34
10 98
61 14
82 72
76 68
66 64
37 46
69 60
18 79
91 57
52 47
22 17
86 25
94 24
19 62
96 47
21 89
35 35
58 48
91 7
20 94
52 41
48 9
42 1
70 38
55 5
1 72
78 65
66 43
40 3
76 38
67 84
47 96
25 75
4 74
22 15
8 46
17 96
59 38
13 10
72 54
55 76
8 38
33 53
37 27
93 22
40 79
94 64
28 83
11 22
28 46
64 24
14 33
83 22
99 18
62 35
77 57
18 14
6 28
81 21
44 24
74 57
23 5
97 12
6 98
1 2
12 50
86 93
4 94
56 84
41 60
71 99
47 3
16 97
32 82
40 82
80 98
62 93
84 56
43 97
40 79
19 41
3 4
33 59
54 25
75 46
12 54
22 98
67 62
18 23
47 1
61 92
8 65
49 65
55 64
63 52
28 51
73 59
41 81
45 14
76 28
85 29
35 47
30 39
89 18
73 15
85 90
58 29
9 58
31 22
90 42
91 20
67 43
54 94
18 55
2 4
88 91
36 86
88 47
90 91
97 11
13 61
18 13
73 11
55 18
20 22
41 6
31 18
28 40
46 46
60 78
99 53
91 87
9 4
99 59
58 71
2 84
87 69
53 84
55 33
6 7
79 40
59 8
42 37
63 47
75 52
34 76
42 16
84 1
65 36
49 31
54 45
51 78
14 53
49 74
68 28
34 49
83 18
22 15
59 54
29 87
73 82
81 77
66 52
98 84
17 52
23 42
86 64
79 30
64 44
67 50
29 56
69 89
11 23
82 91
26 84
48 21
74 61
70 51
82 23
58 27
33 15
63 99
4 21
64 11
65 23
33 34
64 14
75 88
49 43
44 23
70 39
84 94
31 15
85 93
51 23
64 64
58 91
61 74
79 26
28 83
31 78
38 90
90 78
43 35
38 100
67 54
82 32
44 6
60 43
28 15
76 25
4 97
63 68
71 54
3 20
49 80
19 94
54 35
30 62
18 86
25 90
87 60
36 87
11 4
6 16
53 74
28 56
92 51
21 17
52 23
19 100
4 20
11 60
80 76
37 7
43 27
56 52
70 35
32 90
97 7
37 97
23 14
88 99
20 47
5 66
22 66
71 79
31 34
17 99
14 69
62 94
36 64
88 56
89 12
53 54
19 48
63 90
91 50
20 17
54 6
12 7
55 99
84 69
30 25
7 35
44 4
33 81
85 39
22 19
21 3
64 11
8 48
78 7
10 55
66 3
36 74
15 19
92 23
62 81
69 53
66 74
66 23
62 63
71 68
69 46
78 69
19 37
33 5
28 74
61 91
71 54
23 76
33 25
75 5
22 62
33 38
76 12
37 46
86 67
16 2
33 98
53 9
7 89
59 21
6 42
12 57
25 75
44 91
35 68
18 83
39 50
86 98
18 71
36 40
16 54
56 22
26 79
98 81
13 81
25 46
68 43
4 59
33 98
92 52
59 18
89 93
31 54
66 7
8 58
62 2
28 68
37 48
3 54
27 41
10 69
46 44
74 58
51 10
18 39
25 77
67 95
27 28
56 62
99 71
48 52
54 69
69 89
44 82
25 88
39 11
73 79
43 96
64 13
77 56
35 68
9 17
15 26
77 15
40 70
41 46
6 9
34 57
91 26
38 69
44 13
67 74
19 44
99 12
40 4
71 23
21 11
76 34
56 23
58 20
33 43
45 62
28 99
81 17
8 28
39 88
17 21
61 88
74 78
37 82
93 42
71 87
67 74
5 3
60 84
48 78
82 90
53 86
61 68
19 28
84 22
18 65
41 75
81 28
58 65
20 47
44 24
70 79
9 95
40 37
66 23
97 48
38 75
11 4
13 16
40 2
38 76
22 15
17 52
27 58
6 80
86 89
7 34
48 3
56 17
19 41
56 22
69 94
77 47
11 27
32 12
52 24
77 84
20 2
33 10
91 17
3 35
1 57
91 60
28 88
31 92
35 88
56 11
1 87
59 97
58 26
12 27
41 10
58 83
79 32
80 76
30 41
52 45
32 9
8 44
62 60
45 99
25 18
55 69
94 37
4 37
63 91
24 93
74 96
70 86
57 64
87 64
67 3
64 22
60 84
24 54
33 41
92 1
78 69
61 56
26 48
91 9
56 9
69 86
11 44
43 48
30 50
82 16
18 81
68 95
1 98
25 80
91 71
71 16
68 26
71 60
91 95
88 16
29 77
65 40
55 86
81 52
38 2
81 64
45 51
60 55
65 62
8 54
10 61
30 22
17 98
71 82
59 32
4 76
5 34
43 77
19 78
20 22
57 76
97 25
26 1
58 19
34 30
99 3
67 60
41 73
82 18
61 34
69 20
68 8
25 14
87 66
23 89
16 60
99 92
79 15
63 78
100 30
64 66
100 14
51 58
93 59
59 76
5 70
40 83
29 31
68 38
83 14
10 11
46 10
31 69
73 90
2 54
54 72
18 44
53 36
97 10
14 76
25 61
2 40
10 86
84 4
91 12
1 67
93 97
51 46
28 88
10 10
87 14
59 13
13 65
35 99
41 82
19 26
94 46
92 64
97 41
32 75
96 68
5 51
26 21
86 79
41 88
14 35
35 78
92 79
8 4
75 63
100 25
76 44
5 85
71 39
92 38
50 68
23 16
77 27
95 61
11 4
98 71
46 31
37 44
57 43
2 79
100 88
85 75
11 45
29 43
48 68
69 96
95 85
61 32
76 79
41 15
93 54
24 50
56 23
85 50
96 44
63 48
96 33
28 75
20 4
7 43
18 9
23 48
33 40
97 61
19 22
1 34
46 92
90 6
80 49
19 71
36 34
85 28
12 76
40 24
20 53
11 48
58 56
35 40
90 14
76 54
86 34
83 85
83 25
88 82
43 61
8 35
48 44
65 43
66 63
97 53
20 3
24 59
53 45
62 66
31 36
99 23
49 20
54 35
8 35
24 94
4 31
48 64
41 80
9 89
98 79
41 17
18 3
58 42
47 73
45 20
61 93
32 25
30 94
66 61
17 51
45 71
11 1
88 43
73 39
56 37
33 43
16 27
18 4
83 82
15 64
54 75
54 56
53 72
80 89
97 92
35 26
86 23
90 40
81 12
95 56
39 46
74 34
26 92
80 69
88 57
63 36
45 91
2 39
18 59
84 90
19 62
74 61
40 22
59 44
61 83
13 71
59 14
21 35
14 96
92 91
71 41
55 10
54 43
97 82
50 26
95 95
98 3
20 32
57 25
62 43
43 79
78 24
90 44
17 6
71 93
61 48
43 31
56 37
6 73
31 53
57 42
84 1
9 51
36 59
71 7
32 45
48 10
5 71
10 43
9 81
68 37
40 75
69 96
13 52
56 75
23 85
74 7
27 9
83 85
99 92
41 28
79 6
56 55
7 33
53 42
50 89
13 23
71 64
22 60
52 51
52 97
73 27
28 91
5 64
75 87
58 24
28 20
99 13
79 85
63 59
87 37
9 2
32 65
58 93
75 93
99 93
22 70
39 28
31 87
37 8
60 28
21 28
92 5
13 7
64 7
10 25
21 67
19 8
78 94
59 70
5 51
34 33
90 64
36 43
97 100
36 72
52 79
55 19
14 30
29 16
20 26
53 48
33 1
43 5
62 81
15 13
34 16
63 69
10 69
71 65
79 48
89 78
49 48
30 42
43 33
25 30
66 40
9 34
22 66
68 26
12 85
86 50
84 78
19 26
35 97
89 80
43 99
62 81
1 39
71 86
73 34
68 84
8 58
70 46
91 88
22 83
50 27
34 39
66 38
84 53
100 12
51 49
52 30
32 20
8 41
44 20
35 44
44 76
40 40
95 95
44 62
18 42
7 91
6 25
90 31
39 59
40 90
39 15
89 6
40 10
36 35
65 56
23 10
23 10
72 69
21 63
25 50
23 18
47 42
69 11
96 79
39 60
25 91
84 34
94 90
75 48
64 35
31 36
42 75
46 59
75 36
7 43
63 1
48 99
31 79
43 57
20 70
13 58
25 69
13 28
30 76
77 47
54 44
84 48
79 70
34 57
64 64
97 10
56 94
69 88
93 8
83 8
76 56
87 47
97 99
34 74
80 48
68 98
42 44
88 58
3 26
29 14
94 47
10 15
72 11
69 82
53 40
69 45
68 82
33 39
2 36
32 2
57 60
9 50
61 5
43 77
86 15
53 58
87 17
56 3
82 32
6 64
45 12
28 56
22 36
44 19
38 89
100 33
51 47
78 25
87 21
17 46
49 11
96 99
86 37
74 58
9 54
6 27
76 40
83 38
51 29
34 20
7 30
91 29
90 54
79 50
3 71
3 50
41 83
26 21
26 21
99 69
11 38
82 20
6 90
20 24
35 91
61 30
3 22
93 82
37 100
68 13
99 8
7 56
30 9
30 97
36 71
50 27
85 77
74 21
58 77
88 30
37 3
78 19
25 75
36 12
3 54
14 55
89 66
51 75
28 10
69 31
68 48
47 44
91 95
22 31
50 88
18 32
32 48
5 90
14 24
15 6
89 48
75 73
58 97
11 48
42 21
71 20
46 63
49 93
12 66
55 2
48 32
70 68
74 82
31 59
20 35
45 68
54 8
5 55
26 34
74 62
41 76
42 52
40 96
22 81
31 56
12 77
55 11
4 55
74 45
35 60
85 36
37 5
4 10
87 45
50 74
21 84
58 22
99 13
69 34
24 41
33 100
80 69
10 21
77 52
18 78
39 71
62 68
3 31
11 69
83 21
40 93
39 26
13 60
36 34
29 43
24 50
36 90
70 49
27 76
61 22
94 83
79 65
49 70
79 99
54 39
23 8
1 78
50 32
57 10
7 55
38 60
41 76
45 3
3 79
49 52
93 41
60 94
8 96
55 78
81 57
83 52
100 11
9 91
74 90
47 97
42 13
17 5
7 43
31 40
30 49
30 67
46 20
24 80
16 91
88 60
82 29
15 72
11 77
100 52
8 70
45 67
80 62
88 30
62 28
34 99
80 54
43 74
23 55
56 74
81 90
67 67
14 23
46 80
4 73
92 55
41 88
40 26
34 12
3 83
61 77
93 72
19 93
13 88
77 1
25 23
48 89
62 16
95 62
96 84
64 6
29 97
81 91
94 4
76 94
90 98
22 51
98 62
51 84
72 31
64 75
55 62
19 25
57 91
81 36
72 45
18 47
51 46
19 71
16 45
48 52
34 19
86 95
73 33
31 17
42 12
4 80
15 20
85 78
36 76
46 91
64 42
62 97
89 22
9 3
60 20
1 55
76 34
8 29
77 73
12 25
41 18
87 52
25 46
73 96
1 9
81 30
56 53
20 68
84 13
79 5
49 66
57 45
36 49
74 71
32 99
10 79
20 42
89 42
95 58
19 51
6 62
23 44
74 60
24 95
33 4
63 31
18 52
91 95
68 77
36 77
80 70
98 10
12 31
17 7
82 21
70 18
23 43
10 73
46 85
19 70
55 46
62 79
93 65
50 5
35 56
83 13
61 34
25 59
23 57
84 43
79 49
4 74
30 30
53 81
97 47
93 100
90 34
24 28
85 29
84 15
8 91
27 46
16 1
59 45
32 20
4 31
20 33
84 34
24 22
43 69
68 44
34 91
16 26
59 4
13 38
11 48
92 23
19 66
17 36
52 67
27 67
12 14
22 89
30 93
57 24
77 100
51 64
9 61
94 73
63 66
53 25
4 72
81 18
90 26
20 80
38 19
60 44
11 96
37 40
18 16
5 44
10 61
60 12
72 71
39 84
88 19
9 50
99 95
28 86
14 15
44 96
47 43
30 68
42 65
47 10
7 34
52 30
32 41
21 76
90 86
13 7
16 50
14 14
36 78
49 26
98 48
79 38
50 98
93 26
83 48
64 59
83 72
2 21
73 36
92 2
6 60
44 46
74 94
47 95
20 76
51 89
99 88
7 48
27 60
88 95
66 84
74 29
40 6
24 29
26 86
98 7
10 43
75 95
63 17
88 18
6 6
77 71
63 88
64 76
59 39
1 98
29 21
92 23
73 40
8 40
5 24
2 10
53 19
27 96
23 31
85 41
13 33
87 32
88 59
15 25
49 31
39 72
82 46
50 6
8 8
58 49
17 65
97 89
74 62
99 29
8 35
54 68
57 91
57 39
18 68
57 20
59 85
46 65
3 32
3 33
45 3
4 9
69 6
19 68
54 23
86 21
3 70
2 90
20 20
6 31
54 52
53 8
86 5
30 67
66 12
71 97
40 29
39 18
93 59
92 19
100 39
23 81
54 14
74 49
28 35
44 11
96 64
79 72
48 70
20 50
77 85
94 10
96 81
87 17
97 12
92 99
49 65
54 66
25 89
26 27
71 13
51 65
7 43
8 82
6 78
49 48
55 34
19 2
96 50
85 21
46 2
41 9
96 39
28 60
84 3
25 59
34 11
78 6
3 5
15 63
7 24
63 51
22 80
9 50
43 44
100 79
63 28
21 72
56 59
19 90
13 10
65 73
60 6
68 35
70 63
100 89
50 91
49 31
24 57
82 26
44 50
68 48
56 82
16 43
36 99
71 62
37 97
24 57
39 63
13 39
1 74
49 8
82 75
98 91
84 10
65 76
100 7
56 98
69 100
80 47
50 40
63 18
90 100
29 43
20 20
28 9
63 4
6 81
12 33
81 37
63 22
86 23
37 10
49 47
63 50
28 27
42 32
10 27
89 37
59 24
42 10
49 77
85 20
84 59
57 53
59 76
66 65
80 91
54 38
67 11
15 32
51 37
43 75
79 91
52 75
63 92
5 100
62 85
74 16
89 72
12 49
15 42
56 72
25 57
94 9
1 84
49 17
59 43
57 30
35 88
27 15
14 6
48 53
55 83
57 51
77 55
37 90
14 43
3 38
2 31
47 58
76 46
84 94
48 58
58 56
8 24
49 4
75 75
67 23
87 37
42 19
31 91
81 38
77 34
56 50
83 52
74 38
41 89
15 61
88 1
29 66
93 28
30 76
1 76
48 71
100 79
12 43
64 81
22 27
98 17
39 27
37 20
54 49
82 74
14 23
45 80
10 12
62 55
60 11
60 93
33 1
32 70
35 97
53 39
34 56
70 62
70 7
69 44
59 93
57 10
59 29
18 96
84 96
17 29
47 23
83 81
1 30
80 94
9 43
87 14
85 15
41 61
10 36
77 21
56 51
66 61
83 26
8 81
81 5
53 100
71 77
34 53
86 80
67 75
23 6
51 35
50 25
4 93
31 3
41 36
27 85
34 71
55 40
7 55
8 67
56 30
73 19
8 98
7 86
49 17
52 67
25 81
56 18
93 31
16 81
28 89
23 68
26 24
80 84
19 4
4 40
22 7
58 45
56 18
38 47
34 78
64 79
18 77
49 30
26 61
78 9
34 49
35 39
85 20
29 88
95 96
23 15
2 76
32 88
32 89
87 84
41 52
69 12
19 12
91 20
53 30
5 89
39 26
92 74
97 82
89 55
5 5
36 60
69 6
60 25
63 58
14 33
71 97
76 23
78 89
73 23
47 24
35 13
92 78
92 99
77 84
40 44
29 78
64 70
16 71
48 22
51 49
62 63
6 69
88 50
5 90
60 20
1 59
47 9
26 33
43 10
84 9
62 76
70 9
35 58
75 66
57 92
91 8
26 14
42 95
16 28
6 77
61 31
69 14
87 20
90 43
42 32
60 23
57 63
97 55
61 61
60 37
30 83
25 63
31 62
31 61
17 37
35 7
17 43
19 71
13 5
8 62
76 93
91 87
3 68
15 62
46 74
38 46
54 92
8 17
53 14
66 31
62 66
67 83
27 53
15 94
62 58
67 44
41 29
96 80
34 82
52 28
14 14
23 58
44 2
11 58
47 19
73 91
22 14
11 17
82 40
26 24
54 67
27 73
94 14
44 60
40 37
77 83
68 99
95 48
52 46
41 3
18 12
44 13
86 98
32 35
42 65
56 6
5 80
54 11
31 9
86 39
94 28
41 100
70 62
47 41
97 90
88 56
99 77
83 51
2 10
11 87
20 91
3 34
79 11
83 81
78 45
25 90
7 79
46 22
43 81
52 70
30 52
2 5
68 40
87 54
37 74
18 2
7 27
40 28
57 64
99 61
24 23
99 75
2 16
33 27
6 43
60 65
11 34
86 28
84 84
40 12
72 47
19 52
14 7
21 30
33 82
55 15
63 42
97 2
21 82
1 7
27 25
14 61
23 88
20 38
50 90
45 21
14 35
5 49
37 80
17 27
36 22
98 46
75 54
97 5
48 58
47 75
3 5
100 37
2 3
11 45
94 1
72 78
37 40
47 67
51 36
70 2
75 57
36 69
21 44
31 46
62 30
34 1
69 96
11 73
99 16
65 45
89 15
34 94
48 22
74 85
32 53
74 8
12 100
20 13
66 27
68 47
18 61
82 67
24 8
46 40
60 51
81 34
85 99
89 39
74 2
73 61
93 65
85 62
55 51
57 52
35 81
36 44
46 4
82 53
92 26
27 11
38 82
79 49
70 32
66 12
79 73
27 23
61 65
54 74
85 79
40 51
78 2
52 68
80 32
43 42
96 29
44 93
24 20
45 29
60 69
12 25
5 49
60 91
60 22
78 91
95 15
15 47
79 76
90 47
10 90
51 53
70 14
27 92
9 25
4 8
10 29
73 31
34 29
21 25
37 29
91 73
66 82
62 48
72 88
67 40
57 82
69 3
84 64
36 98
64 44
18 25
49 18
94 56
80 98
88 92
3 79
64 92
63 43
5 60
96 45
61 86
83 75
46 84
4 27
86 94
51 75
8 67
43 62
42 76
5 37
94 63
98 55
38 53
54 77
51 40
67 36
41 90
8 29
63 76
70 30
87 97
55 51
4 30
81 77
59 100
54 75
84 33
88 57
86 47
56 76
44 73
77 4
40 25
70 56
98 76
2 10
18 12
45 57
15 12
90 61
36 94
27 52
91 67
81 50
90 18
10 75
57 70
19 51
36 59
2 99
18 58
33 73
16 24
57 65
29 21
67 5
18 21
63 16
46 70
71 30
49 68
74 99
99 100
37 69
70 15
29 41
94 56
59 81
2 6
100 97
34 22
46 36
26 7
57 41
97 81
4 26
16 76
43 39
49 37
98 89
80 47
2 32
47 72
26 62
21 56
95 13
65 93
78 86
9 36
2 70
74 97
75 22
46 50
100 52
19 39
94 62
70 48
45 51
6 7
30 41
13 60
26 22
82 23
50 76
20 65
51 86
59 13
41 100
87 97
81 86
37 48
65 62
94 74
38 84
9 21
53 1
9 72
33 23
61 16
18 38
16 67
8 4
97 100
71 17
82 24
78 29
60 21
48 13
68 7
13 27
14 16
13 71
48 32
12 64
20 41
70 52
86 99
43 89
20 92
4 98
4 62
53 87
5 76
53 42
16 27
88 27
41 40
50 30
23 98
56 32
68 86
11 13
100 94
32 3
3 13
54 60
10 12
91 80
14 72
59 61
24 23
14 29
40 28
25 43
53 9
8 64
75 55
77 24
87 76
22 70
43 17
17 59
25 20
65 72
35 8
42 64
36 18
56 60
81 49
59 23
72 68
47 86
71 77
70 4
31 6
21 75
63 66
22 59
50 76
39 16
37 55
23 61
63 26
93 38
72 1
80 13
54 57
98 74
69 50
23 40
4 48
12 76
200000